1831.90,1628.04,    0, 2444
1911.48,1663.41,    0,    0
1836.16,1596.06,    0,  707
1909.38,1658.25,    0,  499
1835.77,1626.42,    0,  860
1857.50,1613.41,    0, 1871
1841.04,1644.25,    0, 4122
1904.81,1670.98,    0,  442
1855.34,1596.90,    0, 3184
1864.89,1589.39, 3569, 3429
1883.65,1667.59,    0, 1523
1896.94,1672.55,    0, 3170
1849.39,1612.52,    0, 1525
1862.19,1609.01,    0, 1944
1888.38,1678.15,    0,  323
1849.26,1607.16,    0, 2852
1872.06,1591.12,    0,  748
1891.93,1639.47,    0, 1591
1891.64,1656.35,    0, 4125
1857.98,1586.17,  438,    0
1895.52,1649.00,    0, 1019
1877.04,1661.18,    0, 3117
1908.24,1658.48,    0,  286
1856.05,1612.34,    0, 2303
1903.19,1666.92,    0,  341
1890.08,1684.78,    0,    0
1828.09,1645.01,    0, 2716
1830.30,1612.18,    0,    0
1917.95,1654.05,    0, 1653
1824.31,1620.23,    0,  734
1827.48,1625.31,    0,  782
1841.89,1610.03,    0, 4022
1886.89,1610.64,    0, 2837
1915.10,1644.87,    0, 1157
1846.33,1633.46,    0, 3529
1889.05,1647.76,    0, 2778
1865.29,1583.93,    0,    0
1861.16,1598.51,    0, 2011
1847.53,1589.40,    0,    0
1888.97,1635.54,    0, 2023
1915.66,1638.57,    0, 2343
1857.32,1589.89,    0, 2793
1917.67,1629.01,    0,  845
1906.35,1673.97, 2268,    0
1846.81,1651.78,    0, 2650
1894.10,1681.85,    0, 1601
1845.02,1614.95,    0, 3984
1916.75,1654.47,    0,  880
1909.37,1638.34,    0, 1842
1855.54,1601.11,    0,  453
1917.50,1636.59,    0,    0
1902.36,1667.00,    0,  740
1901.89,1654.66,    0, 2035
1883.02,1683.71, 2113,    0
1825.16,1644.59,    0, 1737
1892.99,1674.38,    0, 3412
1890.08,1668.85,    0, 2643
1892.60,1672.67,    0, 1442
1851.61,1612.01,    0, 4300
1908.84,1660.50,    0, 3184
1866.35,1606.18,    0, 1086
1883.88,1619.01,    0, 4544
1859.14,1649.56,    0, 3569
1850.83,1601.87,    0, 1558
1839.42,1636.75,    0, 3088
1833.78,1604.85,    0,  798
1901.05,1609.39,    0, 2792
1894.57,1635.65,    0, 1603
1864.79,1666.22,    0, 4571
1897.35,1680.10,    0,    0
1909.29,1639.18,    0, 1534
1897.97,1673.70,    0, 1984
1860.17,1650.18,    0, 2740
1893.15,1640.60,    0, 3236
1882.57,1614.40,    0, 4647
1884.56,1618.50,    0, 1842
1826.65,1620.54,    0, 2563
1820.47,1623.74,    0,    0
1827.81,1641.15,    0, 1470
1833.66,1644.14,    0, 2364
1849.18,1601.27,    0, 1313
1844.54,1617.60,    0, 1329
1849.75,1618.84,    0, 1249
1900.65,1656.40,    0, 2651
1900.72,1642.88,    0, 1950
1820.84,1625.26,    0,  362
1860.28,1590.29,    0,  720
1901.11,1643.96,    0, 1881
1858.03,1604.40,    0, 2367
1909.67,1629.95,    0, 3185
1894.18,1682.28, 2319,    0
1869.51,1606.55,    0, 2147
1891.06,1626.76,    0, 2618
1870.73,1627.12,    0, 2461
1835.07,1600.64,    0,  154
1903.96,1652.42, 2115, 1239
1831.18,1616.72,    0, 2742
1866.55,1583.56,    0,    0
1842.47,1595.79,    0, 1842
1907.22,1640.54,    0, 2462
1879.34,1631.06,    0, 2390
1893.48,1682.10,    0, 1367
1863.07,1620.12,    0, 2757
1903.01,1652.04,    0,  915
1845.88,1594.65,    0,  649
1858.60,1598.14,    0, 3344
1849.92,1593.83, 2522, 2579
1861.15,1649.48,    0, 2964
1850.16,1647.75,    0, 1990
1896.06,1652.33,    0, 3183
1912.76,1666.40,    0,  601
1848.93,1603.91,    0, 3454
1897.48,1670.56,    0, 2276
1914.35,1662.99,    0, 1264
1841.10,1611.54,    0,  460
1909.71,1658.88, 3125, 1671
1853.62,1611.21,    0, 3603
1895.29,1670.49,    0, 2821
1899.55,1669.93,    0,  383
1853.79,1587.43,    0, 2121
1852.99,1632.37,    0, 4106
1868.81,1597.40,    0, 2592
1918.49,1655.26,    0, 1216
1880.83,1636.44,    0, 2101
1865.88,1602.35,    0, 1849
1860.47,1636.35,    0, 2476
1915.28,1655.29,    0, 2535
1904.98,1630.36,    0,  958
1918.23,1649.84,    0, 1477
1873.35,1668.60,    0, 2079
1883.41,1677.61,    0,  372
1855.94,1653.07,    0, 4116
1832.94,1634.07,    0, 4284
1902.20,1663.28,    0, 2120
1833.08,1658.14,    0,  797
1904.93,1638.36,    0, 2053
1920.15,1646.31,    0,    0
1844.41,1655.55,    0, 3605
1913.52,1642.42,    0, 3321
1845.10,1596.63,    0, 1432
1846.43,1604.28,    0,  898
1898.30,1647.52,    0, 2118
1918.64,1645.03,    0, 2280
1903.57,1661.83,    0, 2317
1862.39,1591.15,    0,    0
1877.24,1655.89,    0, 1645
1896.15,1674.94,    0,  478
1883.58,1684.13,    0,  124
1840.44,1606.42,    0,  867
1865.84,1596.02,    0, 1196
1905.65,1670.21, 2383,  512
1852.01,1642.54,    0, 3381
1835.31,1644.29,    0, 3617
1854.26,1609.04,    0, 1660
1907.01,1632.08,    0, 3081
1836.96,1595.31,    0, 1069
1882.78,1660.34,    0, 3860
1906.28,1645.58,    0,  705
1913.89,1661.03,    0, 2161
1843.24,1593.96, 3161, 3013
1891.16,1680.09,    0, 2278
1842.52,1612.87,    0, 1310
1890.57,1672.64,    0, 1186
1867.53,1642.80,    0, 3017
1901.24,1661.37,    0, 2830
1919.00,1654.18, 1928,    0
1917.40,1633.50,    0, 2741
1894.61,1671.28,    0, 2916
1849.27,1637.43,    0, 4731
1861.14,1591.38,    0, 1952
1897.71,1647.53,    0, 3293
1885.78,1667.58,    0, 4218
1849.94,1647.01,    0, 2438
1879.06,1685.46,    0, 1554
1847.05,1603.61,    0,  598
1893.82,1624.89,    0, 3298
1840.10,1619.71,    0, 1518
1861.20,1611.86,    0, 2544
1843.44,1607.51,    0,  182
1851.18,1612.51,    0, 1582
1850.25,1654.52,    0, 3140
1882.30,1673.14,    0, 2066
1887.15,1676.51, 2663, 1039
1909.12,1668.74,    0, 2322
1849.18,1597.52,    0, 1210
1889.77,1677.06,    0, 1020
1906.43,1660.20,    0,  467
1898.61,1628.43,    0, 1273
1892.29,1678.81,    0,  145
1894.08,1657.61,    0, 1272
1905.66,1629.32,    0, 2897
1887.55,1612.57,    0, 1414
1911.08,1660.36,    0,  795
1885.41,1684.68,    0,    0
1917.79,1656.87,    0,  222
1894.04,1676.06,    0,  285
1863.50,1637.91,    0, 4603
1881.83,1637.85,    0, 3477
1895.26,1670.83,    0, 1269
1898.48,1646.73,    0, 1515
