1754.71,1512.58,    0, 2623,2
1722.29,1493.96,    0, 1795,1
1782.33,1543.26,    0, 1522,2
1775.17,1501.20,    0, 1616,2
1693.48,1501.08,    0,  775,1
1714.77,1494.14,    0, 1680,1
1722.07,1531.42,    0, 2252,1
1705.51,1529.21,    0, 1196,1
1726.02,1468.95,    0,  851,1
1737.93,1466.19,    0,  809,1
1755.24,1566.34,    0,  254,2
1768.21,1537.77,    0, 1588,2
1776.67,1548.49,    0, 2038,2
1727.94,1490.95,    0, 1816,1
1735.61,1565.19,    0,  827,2
1710.46,1494.57,    0, 1515,1
1715.38,1486.59,    0, 2099,1
1756.95,1555.82,    0, 1587,2
1773.83,1537.55,    0, 1786,2
1733.06,1467.78,    0,  955,1
1772.27,1514.51,    0, 1748,2
1729.53,1508.48,    0, 1845,2
1728.15,1483.77,    0, 1747,2
1766.52,1522.90,    0, 1215,2
1743.47,1498.88,    0, 2176,2
1732.34,1521.94,    0, 2588,1
1741.22,1518.75,    0, 1667,1
1746.35,1560.38,    0,  862,2
1754.33,1529.61,    0, 1646,2
1719.40,1521.83,    0, 1693,1
1707.43,1485.24, 1498, 1102,1
1764.10,1521.63,    0, 1169,2
1761.28,1507.50,    0, 2055,2
1759.77,1550.38,    0, 1405,2
1732.11,1489.16,    0, 2253,2
1725.68,1488.40,    0,  985,2
1731.47,1488.39,    0, 1644,1
1722.59,1563.48,    0,  681,2
1723.56,1507.32,    0, 1739,1
1778.99,1492.52,    0, 1804,2
1713.72,1491.94,    0, 1167,1
1747.82,1511.72,    0, 2495,2
1730.59,1514.59,    0, 1952,1
1718.20,1487.89,    0, 1531,1
1702.03,1506.48,    0, 1711,1
1759.64,1562.86,    0, 1125,2
1732.21,1566.08,    0,  275,2
1729.53,1508.48,    0, 2276,2
1739.93,1493.24,    0, 1569,2
1740.28,1524.11,    0, 2572,1
1718.07,1530.59,    0, 1923,1
1722.23,1512.80,    0, 1942,1
1762.97,1508.87,    0, 2511,2
1706.93,1497.82,    0, 1294,1
1710.51,1515.15,    0, 1635,1
1698.69,1489.61,    0,   33,1
1709.28,1482.94,    0,  800,1
1775.93,1540.95,    0, 1430,2
1704.29,1497.36,    0, 1693,1
1756.13,1499.17,    0, 2260,2
1721.40,1474.59,    0, 1094,1
1723.99,1468.26, 2102,  776,1
1717.43,1511.50,    0, 1977,1
1777.43,1536.38,    0, 1694,2
1729.53,1508.48,    0, 1545,2
1729.53,1508.48,    0, 2652,2
1740.25,1567.45,    0,    0,2
1782.40,1535.73,    0, 1209,2
1706.19,1534.95,    0, 1806,1
1713.42,1474.98, 1807,  940,1
1780.62,1481.67,    0,  648,2
1733.14,1547.85,    0, 1775,1
1732.58,1468.34,    0, 1531,1
1729.94,1503.58,    0, 2662,2
1742.18,1567.72,    0,  196,2
1772.36,1558.13,    0,  382,2
1768.22,1539.83,    0, 1492,2
1693.11,1528.65,    0,    0,1
1792.85,1521.44,    0,  978,2
1735.10,1494.92,    0, 3067,2
1762.30,1520.10,    0, 2528,2
1768.18,1553.39,    0, 1436,2
1724.59,1473.99,    0,  715,1
1716.57,1489.37,    0, 1460,1
1717.51,1498.28,    0, 1990,1
1709.67,1476.52,    0,  140,1
1738.88,1496.84,    0, 2178,2
1772.39,1540.74,    0, 1409,2
1718.66,1500.70,    0, 2396,1
1776.26,1523.85,    0, 2227,2
1765.25,1508.68,    0, 2117,2
1711.72,1501.39,    0, 1346,1
1764.67,1506.24,    0, 2330,2
1761.12,1551.37,    0, 1739,2
1751.32,1485.66,    0, 1424,2
1759.59,1539.43,    0, 2303,2
1765.27,1523.72,    0, 2035,2
1793.61,1524.68,    0,  164,2
1756.17,1518.13,    0, 2270,2
1791.27,1527.44,    0,  870,2
1734.10,1525.09,    0, 2472,1
1721.82,1477.83,    0, 1285,1
1725.18,1532.98,  579, 1444,1
1717.61,1477.62,    0, 1351,1
1771.82,1558.77,    0,  133,2
1766.04,1475.15,    0, 1151,2
1709.71,1512.42,    0, 1676,1
1729.53,1508.48,    0, 1925,2
1728.58,1562.51,    0,  958,2
1723.37,1483.72,    0, 1356,1
1722.93,1496.73,    0, 2190,1
1731.05,1473.02,    0, 1097,2
1759.04,1563.71,    0, 1389,2
1743.41,1465.18,    0,  798,1
1754.02,1555.09,    0, 1643,2
1739.20,1532.22,    0, 2692,1
1727.18,1515.65,    0, 3058,1
1710.05,1555.65,    0,  461,2
1743.81,1473.79,    0, 1551,2
1733.89,1520.28,    0, 1842,1
1733.32,1559.75,    0,  922,2
1775.11,1543.15,    0, 1539,2
1737.05,1466.22,    0,  764,1
1743.37,1550.70,    0, 2124,2
1747.47,1567.83,    0,  202,2
1734.17,1476.94,    0, 2076,1
1758.82,1549.82,    0, 2127,2
1721.53,1481.10,    0, 1871,1
1773.18,1504.74,    0, 1769,2
1729.53,1508.48,    0, 2299,2
1712.30,1488.08,    0, 1881,1
1787.60,1532.00,    0, 1369,2
1750.04,1535.09,    0, 1792,2
1722.55,1522.68,    0, 2171,1
1722.00,1480.67,    0, 1542,1
1702.35,1505.09,    0, 1360,1
1758.01,1502.27,    0, 1927,2
1754.04,1465.77,    0,  425,2
1718.51,1492.15,    0, 1159,1
1725.79,1487.39,    0, 2170,2
1700.96,1487.25, 1365,  556,1
1715.57,1506.71,    0, 1423,1
1740.11,1467.15,    0, 1015,2
1762.40,1545.32,    0, 1594,2
1729.53,1508.48,    0, 2173,2
1734.85,1481.70,    0, 1739,2
1731.38,1491.44,    0, 1508,1
1711.50,1513.82,    0, 1485,1
1719.60,1489.52,    0, 2162,1
1710.30,1494.58,    0, 1458,1
1735.05,1472.53,    0, 1465,2
1742.42,1550.49,    0, 1553,2
1745.86,1511.39,    0, 2325,2
1702.70,1498.49,    0, 1321,1
1727.79,1479.16,    0, 1581,2
1714.19,1557.11,    0,  845,2
1785.02,1515.03,    0, 1995,2
1749.36,1526.66,    0, 2214,2
1744.65,1550.94,    0, 1841,2
1737.77,1567.10,    0,  401,2
1702.18,1521.88,    0, 1130,1
1725.09,1485.90,    0, 2039,2
1720.07,1496.55,    0, 1703,1
1770.35,1493.17,    0, 1702,2
1711.73,1484.63, 1683, 1359,1
1786.68,1512.48,    0, 1544,2
1707.08,1490.08,    0, 1501,1
1692.32,1526.50,    0,    0,1
1752.79,1544.09,    0, 1559,2
1781.31,1516.13,    0, 1147,2
1781.15,1515.60,    0, 1037,2
1733.55,1483.49,    0, 2045,1
1731.03,1560.64,    0,  813,2
1782.20,1530.86,    0, 1486,2
1783.59,1534.34,    0, 1574,2
1701.40,1515.06,    0, 1281,1
1692.38,1526.15,    0,    0,1
1739.95,1467.98,    0,  627,2
1765.89,1549.52,    0, 1320,2
1777.01,1530.77,    0, 1453,2
1731.09,1475.86,    0,  725,2
1769.67,1517.42,    0, 1762,2
1724.47,1480.81, 1798, 1416,1
1717.53,1486.38,    0, 1944,1
1721.68,1481.03,    0, 1412,1
1747.13,1478.61,    0, 2054,2
1771.30,1549.64,    0, 2297,2
1787.69,1526.89,    0,  854,2
1788.25,1505.29,    0,  971,2
1720.73,1482.51,    0, 1466,1
1772.92,1541.13,    0, 1384,2
1750.06,1532.19,    0, 2032,2
1711.07,1483.98,    0, 1458,1
1732.62,1549.95,    0, 1675,1
1734.41,1511.82,    0,  996,2
1725.41,1489.87,    0, 1695,2
1749.40,1538.39,    0, 2185,2
1724.42,1468.71,    0,  663,1
1716.17,1491.46,    0, 2188,1
1784.33,1516.90,    0, 1393,2
