 333.80, 199.82,    0, 1889,1
 397.88, 220.50,    0, 4403,2
 370.73, 157.30,    0, 3393,1
 329.16, 201.65,    0, 1052,1
 363.00, 176.00,    0, 2130,2
 414.50, 209.61,    0, 2629,2
 386.96, 144.37, 2529,  664,1
 416.93, 175.39,    0, 2734,2
 406.43, 215.71,    0, 2435,2
 360.35, 212.26,    0, 4535,1
 413.06, 215.53,    0, 2073,2
 364.48, 191.04,    0, 2426,1
 353.10, 192.59,    0, 2910,1
 389.56, 228.37, 1870, 3225,1
 412.70, 218.64,    0, 2943,2
 342.68, 221.61,    0, 1650,1
 362.92, 148.61, 4796, 3521,1
 352.95, 172.39,    0, 3163,1
 398.53, 189.77,    0, 3917,2
 403.22, 218.34,    0, 2708,2
 352.89, 180.27,    0, 1497,1
 383.12, 235.90, 3035, 4055,1
 349.03, 176.04, 2611, 2343,1
 344.67, 162.41,    0, 3189,1
 344.75, 217.27,    0, 1580,1
 367.82, 228.69,    0, 1560,1
 342.20, 165.37,    0, 2783,1
 348.13, 207.39,    0, 1075,1
 402.41, 217.93,    0, 1968,2
 389.49, 166.17,    0, 4056,2
 363.67, 206.70,    0, 2702,1
 409.49, 227.50,    0, 3738,2
 373.64, 230.62,    0, 2024,1
 370.63, 210.18,    0, 4336,1
 391.69, 192.41,    0, 3679,2
 341.96, 158.98,    0, 1380,1
 388.65, 184.65,    0, 3935,2
 393.99, 239.44,    0,  914,2
 395.06, 187.14,    0, 3662,2
 351.14, 212.45,    0, 3845,1
 343.44, 204.56,    0,  829,1
 373.81, 177.21,    0, 2682,2
 386.56, 185.31,    0, 4443,2
 363.59, 171.18,    0, 1240,1
 359.05, 148.04,    0,  929,1
 362.08, 169.35,    0, 2008,2
 340.54, 168.50,    0, 1258,1
 397.89, 228.07,    0, 3341,2
 372.96, 152.60,    0, 2410,1
 413.91, 204.53,    0, 2696,2
 370.59, 221.15,    0, 2459,1
 377.73, 180.74,    0, 2778,2
 393.78, 227.63,    0, 2222,2
 422.14, 183.24,    0, 2498,2
 328.42, 179.49, 3329, 2492,1
 330.96, 205.44,    0,  915,1
 354.27, 201.50,    0, 4416,1
 393.21, 228.86,    0, 2955,2
 360.92, 171.36,    0, 2839,2
 384.53, 175.67,    0, 3540,2
 348.17, 191.50,    0, 3907,1
 335.05, 177.79,    0, 2318,1
 351.76, 165.89,    0, 2827,1
 372.12, 214.53,    0, 2003,1
 367.97, 204.59,    0, 2456,1
 344.75, 179.58,    0, 1706,1
 339.24, 194.80,    0,  994,1
 346.60, 201.10,    0, 2805,1
 355.68, 181.37,    0, 2387,1
 355.25, 172.07,    0, 4306,1
 353.02, 170.55,    0, 4692,1
 334.74, 183.84,    0, 2343,1
 356.24, 173.75,    0, 3415,1
 385.54, 187.46,    0, 3926,2
 344.61, 153.83,    0,  306,1
 332.89, 213.60,    0,   97,1
 416.50, 214.54,    0, 2896,2
 380.07, 189.94,    0, 4311,2
 331.87, 185.83,    0,  932,1
 347.81, 185.11,    0, 1980,1
 393.76, 222.22,    0, 3607,2
 349.33, 208.65,    0, 2573,1
 351.30, 221.24,    0, 2371,1
 354.33, 150.89,    0,  889,1
 374.85, 147.77,    0, 1499,2
 327.84, 205.04,    0,    0,1
 407.50, 224.82,    0, 3200,2
 353.08, 172.58,    0, 1670,1
 379.14, 148.44,    0, 1084,1
 330.93, 183.96,    0, 1016,1
 366.48, 154.96,    0, 1449,2
 370.24, 147.05, 4192, 2811,1
 374.92, 180.55,    0, 2429,2
 372.48, 154.74, 3472, 2324,1
 384.59, 179.13,    0, 3898,2
 331.59, 202.16,    0, 1816,1
 354.71, 201.90,    0, 3762,1
 362.76, 160.56,    0, 1241,2
 392.10, 232.86,    0, 1660,2
 344.08, 197.17,    0, 1569,1
 366.93, 144.45, 3913, 2364,1
 341.44, 169.54,    0, 1202,1
 358.84, 172.01,    0, 2076,1
 365.40, 197.53, 2478, 3147,1
 364.24, 163.69,    0, 3145,2
 354.75, 168.21,    0, 4539,1
 333.36, 165.84,    0, 2214,1
 352.81, 188.38,    0, 1116,1
 397.59, 224.46,    0, 2540,2
 358.34, 207.38,    0, 1683,1
 415.85, 187.54,    0, 3336,2
 349.50, 158.91,    0,  907,1
 343.35, 218.48,    0, 1564,1
 411.58, 172.66,    0, 2822,2
 353.92, 222.39,    0, 1523,1
 401.95, 203.53,    0, 3693,2
 332.57, 193.78,    0,  992,1
 371.03, 201.65,    0, 2436,1
 373.50, 196.47,    0, 5001,1
 344.97, 168.20,    0, 2913,1
 387.06, 194.35,    0, 3431,2
 381.83, 242.31,    0, 2535,2
 358.82, 171.78,    0, 4277,1
 349.90, 214.16, 2422, 2831,1
 371.32, 179.15,    0, 3418,2
 387.71, 172.78,    0, 3967,2
 406.24, 206.36,    0, 2766,2
 393.32, 239.23,    0, 2618,2
 350.69, 211.08,    0, 3095,1
 331.24, 189.72,    0, 1035,1
 356.41, 176.44,    0, 2453,1
 348.93, 230.35,    0, 1140,1
 391.52, 196.39,    0, 3371,2
 391.27, 233.14, 1760, 2935,1
 330.22, 186.23,    0, 3343,1
 370.02, 147.11,    0,  633,1
 374.82, 146.15,    0, 1660,1
 387.96, 149.18,    0, 2434,2
 330.21, 176.52,    0,  565,1
 420.32, 211.64,    0, 1823,2
 343.03, 197.27,    0, 4192,1
 384.16, 145.49,    0, 1893,2
 369.23, 178.42,    0, 4564,2
 398.24, 220.14,    0, 2334,2
 413.11, 223.85,    0, 2978,2
 377.50, 190.87,    0, 3460,2
 381.05, 223.16,    0, 1785,1
 378.01, 235.10,    0, 1348,1
 357.45, 170.91,    0, 2003,1
 385.67, 164.51,    0, 2276,2
 402.85, 226.33,    0, 2391,2
 349.25, 181.68,    0, 2277,1
 341.98, 167.34,    0,  717,1
 373.93, 154.36,    0, 1956,1
 356.58, 163.59,    0, 3741,1
 385.10, 174.42,    0, 3686,2
 371.01, 191.90,    0, 3094,1
 347.60, 180.82,    0, 1474,1
 362.14, 157.51,    0, 2606,1
 349.82, 196.60,    0, 1681,1
 348.49, 184.76,    0,  999,1
 359.36, 159.44,    0, 1705,1
 347.75, 167.87,    0, 1872,1
 344.13, 199.59,    0, 1651,1
 375.47, 242.70,    0,  339,2
 387.36, 153.70,    0, 1509,2
 330.31, 176.31,    0, 2957,1
 361.03, 164.30,    0, 1126,2
 398.57, 222.41,    0, 1822,2
 333.06, 172.85,    0, 1251,1
 388.69, 231.25,    0, 1655,2
 390.26, 187.77,    0, 3545,2
 363.49, 167.60,    0, 1896,2
 355.29, 198.42,    0, 2005,1
 335.12, 195.84,    0, 2436,1
 399.83, 215.03,    0, 3358,2
 359.77, 165.49,    0, 3174,1
 394.87, 239.27,    0,  379,2
 340.65, 165.98,    0,  405,1
 380.63, 175.77,    0, 2312,2
 330.24, 181.37,    0, 1254,1
 362.95, 178.88,    0, 2926,2
 343.26, 162.64,    0, 3312,1
 334.93, 169.01,    0, 2992,1
 407.04, 199.44,    0, 3636,2
 357.45, 149.82,    0, 1174,1
 350.10, 169.48,    0, 3115,1
 365.09, 144.70,    0, 2791,1
 349.66, 180.39,    0, 1204,1
 332.34, 199.69,    0, 2499,1
 338.04, 213.10,    0, 1324,1
 380.22, 166.73,    0, 4698,2
 342.18, 176.73,    0, 3236,1
 334.22, 171.85,    0, 1147,1
 379.56, 157.20,    0, 1662,2
 414.34, 215.53,    0, 2977,2
 344.68, 209.94,    0, 3766,1
 374.19, 151.21, 4743, 3445,1
 374.76, 145.29,    0,  485,1
 350.62, 166.45,    0, 1834,1
