1111.03, 890.67,    0, 1857,2
1030.37, 853.47,    0, 4707,1
1061.02, 869.26,    0, 3391,2
1083.21, 890.34,    0, 2454,1
1082.14, 896.77,    0, 3229,1
1098.52, 861.47,    0, 4776,2
1097.25, 861.12,    0, 3487,2
1100.90, 869.47,    0, 2223,2
1081.27, 898.80,    0, 3442,1
1065.86, 860.14,    0, 4471,2
1048.31, 854.39,    0, 4526,2
1092.96, 859.03,    0, 1728,2
1061.02, 869.26,    0, 5376,2
1104.84, 866.02,    0, 2225,2
1042.77, 817.48,    0, 4060,1
1085.50, 867.78,    0, 4837,2
1083.24, 859.56,    0, 1941,2
1077.51, 889.42,    0, 2027,1
1061.02, 869.26,    0, 4832,2
1110.53, 848.36,    0, 2617,2
1082.41, 830.67,    0, 1397,2
1085.72, 882.09,    0, 4478,2
1079.63, 877.65,    0, 1537,1
1035.96, 821.06,    0, 3589,1
1074.67, 889.57,    0, 1758,1
1066.25, 888.82,    0, 3481,1
1044.45, 873.12,    0, 4452,1
1064.30, 906.60,    0, 2456,1
1041.73, 835.27,    0, 4469,2
1099.90, 895.40, 1337, 2786,1
1061.02, 869.26,    0, 2550,2
1065.52, 911.99,  537, 1238,1
1075.77, 848.49, 1447, 4199,1
1083.65, 880.73,    0, 5034,2
1022.42, 843.40,    0, 4326,1
1041.90, 892.83,    0, 1315,1
1035.54, 865.21,    0, 3592,1
1106.51, 850.99,    0, 1253,2
1061.02, 869.26,    0, 4108,2
1071.54, 858.35,    0, 1659,2
1104.28, 897.00,    0, 1371,2
1049.10, 885.42,    0, 4890,1
1075.10, 917.26,    0,  941,2
1097.32, 868.76,    0, 1880,2
1114.92, 866.78,    0, 3871,2
1063.44, 911.36,    0, 4216,1
1086.12, 847.64,    0, 2420,2
1048.93, 909.87,    0, 1299,1
1090.24, 859.23,    0, 1808,2
1090.97, 880.92,    0, 1579,2
1068.65, 856.20,    0, 2523,2
1038.25, 822.52,    0, 4139,1
1083.55, 883.70,    0, 2873,1
1070.97, 902.10,    0, 1944,1
1074.05, 908.99,    0, 1341,1
1107.24, 873.83,    0, 1650,2
1070.02, 855.62,    0, 4569,2
1034.95, 821.30,    0, 3741,1
1071.80, 913.33,    0, 1858,1
1092.41, 895.96,    0, 1685,2
1061.02, 869.26,    0, 2472,2
1010.35, 864.24,    0, 3888,1
1046.67, 838.26,    0, 3812,2
1078.51, 909.94,    0, 4069,1
1016.98, 839.27,    0, 3910,1
1075.11, 889.59,    0, 2620,1
1083.53, 856.73,    0, 1589,2
1049.73, 831.97,  585, 4363,1
1049.74, 839.73,    0, 1514,2
1077.78, 918.70,    0, 1209,2
1053.54, 904.25, 3012, 3510,1
1061.02, 869.26,    0, 5437,2
1075.44, 917.80,    0, 3809,2
1073.53, 842.55,    0, 1565,2
1071.41, 905.60,    0, 3507,1
1097.03, 847.85,    0, 1623,2
1086.49, 904.12,    0, 3899,2
1077.16, 853.28,    0, 2352,2
1069.61, 914.08,    0, 2873,1
1061.02, 869.26,    0, 3803,2
1047.92, 874.21,    0, 4371,1
1089.97, 879.37,    0, 4696,2
1090.08, 831.29,    0, 3099,2
1064.74, 847.69,    0, 3227,2
1073.23, 849.80,    0, 3056,2
1093.93, 844.60,    0, 3076,2
1012.47, 847.46,    0, 2262,1
1035.74, 842.30,    0, 4710,2
1049.76, 849.69,    0, 3144,2
1027.57, 825.94,    0, 3952,1
1024.70, 838.51,    0, 3253,1
1061.02, 869.26,    0, 5323,2
1083.22, 857.99,    0, 3818,2
1090.44, 881.28,    0, 2886,2
1077.43, 896.22,    0, 3738,1
1061.72, 856.39,    0, 2276,2
1093.45, 902.47,    0, 3919,2
1065.84, 878.78,    0, 1891,1
1027.64, 828.06,    0, 2362,1
1061.02, 869.26,    0, 3465,2
1086.22, 871.74,    0, 2182,2
1094.52, 857.40,    0, 1659,2
1103.60, 885.13,    0, 2255,2
1109.88, 853.73,    0, 1498,2
1079.88, 889.77,    0, 2038,1
1052.19, 846.18,    0, 4418,2
1104.16, 881.76,    0, 3079,2
1056.38, 907.81,    0, 2864,1
1040.88, 865.49,    0, 4838,1
1036.19, 839.94,    0, 4067,2
1064.66, 831.62,    0, 3387,2
1055.58, 854.14,    0, 3160,2
1116.11, 867.31,    0, 2366,2
1064.77, 903.49,    0, 1615,1
1095.22, 839.78,    0, 3634,2
1078.03, 837.55,    0, 1927,2
1077.41, 887.00,    0, 3239,1
1049.57, 869.57, 4008, 3978,1
1094.99, 886.69,    0, 2939,2
1090.75, 875.72,    0, 1911,2
1080.95, 892.60,    0, 3174,1
1033.97, 832.61,    0, 3746,2
1110.03, 875.36,    0, 1595,2
1061.02, 869.26,    0, 2691,2
1031.09, 879.84,    0, 4371,1
1062.86, 838.75,    0, 3654,2
1064.53, 841.63,    0, 4627,2
1076.61, 905.22,    0, 1674,1
1049.06, 915.07,    0, 2983,1
1083.43, 885.71,    0, 3445,1
1078.81, 852.50,    0, 2140,2
1046.85, 874.47,    0, 4832,1
1020.68, 841.32,    0, 3318,1
1078.02, 849.72,    0, 2399,2
1085.62, 879.64,    0, 2630,2
1073.00, 913.36,    0, 1544,1
1034.82, 871.78,    0, 4840,1
1079.10, 898.94,    0, 4296,1
1061.02, 869.26,    0, 2448,2
1102.69, 829.54,    0, 2794,2
1084.60, 858.54,    0, 2118,2
1070.87, 863.06,    0, 3041,2
1094.92, 823.75,    0, 1923,2
1099.12, 906.93,  681, 1992,1
1068.36, 884.11,    0, 3518,1
1040.07, 903.87,    0, 4544,1
1068.77, 820.50,    0, 4004,2
1061.02, 869.26,    0, 5245,2
1065.07, 912.75,  913, 1610,1
1088.29, 826.76,    0, 4704,2
1070.38, 900.76,    0, 2481,1
1070.46, 909.59, 1769, 2554,1
1097.15, 847.70,    0, 3499,2
1016.62, 843.11,    0, 3562,1
1042.18, 843.50,    0, 3682,2
1061.51, 879.50,    0, 2052,1
1073.78, 865.09,    0, 4300,2
1059.97, 909.45,    0, 3573,1
1093.95, 896.43,    0, 2414,2
1066.05, 910.64,    0, 1138,1
1079.78, 875.30,    0, 1840,1
1088.94, 839.80, 1501, 4157,1
1090.25, 903.99,    0, 1903,2
1090.69, 901.57, 2525, 3752,1
1073.96, 883.08,    0, 1727,1
1081.40, 843.53,    0, 1271,2
1070.11, 852.57,    0, 3923,2
1045.11, 863.55,    0, 4057,2
1043.21, 815.98,    0, 2283,1
1093.07, 896.35,    0, 1697,2
1053.75, 898.79,    0, 4372,1
1035.62, 829.60,    0, 4083,2
1061.02, 869.26,    0, 5485,2
1082.32, 880.89,    0, 1596,1
1055.59, 912.64, 2980, 3512,1
1108.09, 893.15,  913, 2520,1
1087.95, 845.58,    0, 4811,2
1043.48, 906.51,    0, 3571,1
1049.48, 878.22,    0, 4388,1
1091.69, 886.49,    0, 1607,2
1053.36, 830.91,    0, 4398,2
1082.11, 837.20,    0, 2417,2
1074.56, 906.42, 1108, 1970,1
1041.65, 907.09,    0, 2453,1
1084.75, 904.58,    0, 2802,2
1025.53, 862.26,    0, 4856,1
1029.90, 823.42, 3908, 3023,1
1061.02, 869.26,    0, 4407,2
1078.08, 854.41,    0, 2240,2
1064.48, 900.70,    0, 3720,1
1091.51, 871.36,    0, 2590,2
1017.71, 860.89,    0, 3263,1
1099.88, 895.64,    0, 1484,2
1065.97, 896.56,    0, 1927,1
1115.12, 870.50,    0, 4091,2
1063.92, 852.41,    0, 3458,2
1091.34, 878.37,    0, 2649,2
1034.30, 903.46,    0, 2269,1
1087.41, 878.39,    0, 3786,2
1066.30, 858.60,    0, 4849,2
