1827.96,1618.46,    0, 4182,1
1806.52,1564.27,    0, 2438,2
1790.25,1580.85,    0, 3102,1
1804.29,1573.95,    0, 2874,2
1848.75,1569.85,    0, 1143,2
1840.08,1598.75,    0, 2163,1
1784.14,1573.61,    0, 3364,1
1771.71,1553.42,    0, 2560,1
1794.76,1580.64,    0, 2331,1
1816.76,1613.04,    0, 2017,1
1828.92,1614.74,    0, 1640,1
1815.76,1618.13,    0, 1347,1
1831.60,1561.60,    0, 2000,2
1797.72,1609.48,    0, 2694,1
1786.89,1559.39,    0, 2212,2
1796.65,1595.98,    0, 3772,1
1813.00,1564.01,    0, 1989,2
1823.95,1614.13,    0, 3605,1
1804.29,1573.95,    0, 3846,2
1804.29,1573.95,    0, 4762,2
1760.62,1556.26,    0,  581,1
1771.36,1554.61,    0, 2395,1
1768.68,1550.62,    0,  920,1
1775.52,1545.35,    0, 3521,1
1840.05,1592.99,    0, 2317,1
1794.94,1616.25,    0, 2708,1
1787.86,1562.85,    0, 4750,1
1806.37,1600.05,    0, 2013,1
1840.40,1552.10,    0, 1941,2
1788.59,1536.01,    0, 3903,2
1803.04,1623.92,    0,  471,1
1836.89,1591.47,    0, 3483,1
1777.68,1549.28, 2272, 1686,1
1832.70,1601.71,    0, 2948,1
1839.29,1565.43,    0, 1692,2
1770.33,1553.36,    0, 1034,1
1852.14,1584.48,    0, 1356,2
1785.85,1570.09,    0, 1752,1
1837.49,1593.95,    0, 3413,1
1815.73,1608.91,    0, 2421,1
1783.24,1535.95,    0, 1302,2
1770.21,1570.44,    0, 3106,1
1855.66,1576.03,    0, 2232,2
1837.11,1602.29,    0, 4145,1
1854.41,1588.90,    0, 1972,2
1838.92,1604.20,    0, 1664,1
1772.40,1557.40,    0, 3525,1
1790.12,1538.69,    0, 1653,2
1807.55,1543.38,    0, 1771,2
1844.98,1564.97,    0, 1302,2
1826.55,1612.77,    0, 2308,1
1828.91,1575.71,    0, 1606,1
1830.78,1602.82, 1746, 2748,1
1821.07,1607.37,    0, 2753,1
1759.19,1559.16,    0, 4115,1
1759.09,1571.07,    0,  944,1
1772.46,1556.34,    0, 3119,1
1770.90,1555.16,    0, 2243,1
1780.00,1543.24,    0, 1413,2
1808.56,1538.82, 1587, 3839,1
1776.68,1582.86,    0, 4139,1
1811.21,1590.33,    0, 2733,1
1813.21,1618.97,    0, 1216,1
1769.38,1560.36,    0, 1771,1
1766.88,1549.79,    0, 2695,1
1814.66,1584.82,    0, 4079,1
1804.29,1573.95,    0, 4949,2
1806.12,1595.54,    0, 4145,1
1831.84,1609.45,    0, 1312,1
1834.97,1580.19,    0, 2192,1
1785.95,1533.24,    0,  903,2
1822.60,1615.52,    0, 4572,1
1824.34,1610.57,    0, 1430,1
1826.43,1616.10,    0, 2151,1
1767.06,1557.90,    0, 1660,1
1777.57,1559.52,    0, 2630,1
1804.29,1573.95,    0, 4242,2
1824.52,1564.62,    0, 2359,2
1804.29,1573.95,    0, 3293,2
1798.83,1574.28,    0, 3725,1
1804.29,1573.95,    0, 4834,2
1774.46,1578.74,    0, 2612,1
1790.49,1535.35,    0, 3160,2
1762.93,1552.28,    0, 2714,1
1824.39,1595.92,    0, 2642,1
1802.84,1589.69,    0, 4237,1
1802.77,1570.94,    0, 5366,2
1836.75,1613.09,    0,  664,1
1778.46,1542.28,    0, 1765,1
1777.50,1557.04,    0, 2034,1
1804.29,1573.95,    0, 2292,2
1804.29,1573.95,    0, 5323,2
1767.02,1553.63,    0, 1310,1
1818.81,1581.09,    0, 2571,1
1821.91,1552.27,    0, 4303,2
1839.36,1592.72,    0, 1565,1
1792.47,1590.47,    0, 1774,1
1781.46,1541.68,    0, 3877,2
1779.51,1552.10,    0, 3247,2
1811.27,1604.56,    0, 2921,1
1836.23,1562.84,    0, 2482,2
1804.29,1573.95,    0, 3319,2
1804.29,1573.95,    0, 3443,2
1789.04,1534.42,    0, 1748,2
1814.68,1622.54,    0, 3256,1
1766.50,1556.41,    0, 2111,1
1786.64,1536.23,    0,  953,1
1804.29,1573.95,    0, 3804,2
1815.36,1549.04,    0, 2523,2
1810.30,1572.30,    0, 2130,2
1770.98,1569.16,    0, 3339,1
1820.18,1608.10,    0, 1568,1
1823.40,1587.88,    0, 4853,1
1804.29,1573.95,    0, 2521,2
1790.20,1556.49,    0, 1765,2
1824.59,1608.81,    0, 1507,1
1830.33,1611.30,    0,  875,1
1816.49,1605.83, 1834, 2566,1
1839.75,1586.94,    0, 2018,1
1834.46,1569.77,    0, 2361,2
1804.29,1573.95,    0, 4217,2
1775.44,1554.53,    0, 1583,1
1799.71,1616.76, 1648, 1940,1
1797.71,1583.99,    0, 3622,1
1817.28,1562.28,    0, 2514,2
1834.54,1604.19,    0, 1673,1
1852.39,1591.64,    0, 1120,2
1794.37,1547.71,    0, 1487,2
1804.29,1573.95,    0, 2893,2
1801.03,1557.40,    0, 4003,2
1840.42,1586.74,    0, 1787,1
1794.40,1546.76,    0, 1612,2
1790.08,1619.51,    0, 1662,1
1837.60,1600.77,    0, 4360,1
1828.93,1602.41,    0, 2514,1
1794.90,1623.04,    0, 1146,1
1841.16,1606.72,  413, 1215,1
1804.29,1573.95,    0, 3652,2
1800.99,1586.05,    0, 2265,1
1804.29,1573.95,    0, 3941,2
1816.85,1618.38,    0, 2843,1
1830.46,1606.01,    0, 2156,1
1816.49,1610.77,    0, 2283,1
1768.08,1557.08,    0, 2476,1
1772.63,1552.72,    0, 1351,1
1785.76,1531.24, 4575, 3508,1
1833.60,1609.65,    0, 4269,1
1804.29,1573.95,    0, 5540,2
1805.01,1549.82,    0, 2813,2
1826.99,1595.60,    0, 3762,1
1815.20,1560.67,    0, 2219,2
1846.34,1587.59,    0, 1792,2
1850.06,1580.00,    0, 3186,2
1839.09,1592.09,    0, 1334,1
1804.29,1573.95,    0, 2516,2
1804.29,1573.95,    0, 2318,2
1790.09,1585.41,    0, 1976,1
1804.29,1573.95,    0, 4042,2
1836.79,1601.58,    0, 3805,1
1804.29,1573.95,    0, 3727,2
1799.41,1557.19,    0, 1666,2
1767.15,1564.76,    0, 1588,1
1828.60,1551.76,    0, 4945,2
1804.31,1591.54,    0, 4173,1
1832.17,1614.09, 3031, 3705,1
1821.30,1581.26,    0, 1570,1
1771.85,1581.49,    0, 3199,1
1790.49,1537.80,    0, 1470,2
1816.91,1620.87,    0, 1429,1
1815.05,1573.69,    0, 3813,1
1831.61,1574.98,    0, 3354,2
1793.77,1594.66,    0, 5066,1
1842.13,1573.52,    0, 2122,2
1823.94,1570.04,    0, 2752,2
1783.63,1543.15,    0, 1803,1
1787.73,1568.14,    0, 2665,2
1847.16,1602.25,    0, 1243,2
1764.68,1560.72,    0, 3394,1
1846.95,1588.52,    0, 4395,2
1842.80,1604.52,    0, 1552,1
1778.86,1556.88, 2059, 1651,1
1804.29,1573.95,    0, 3586,2
1798.51,1557.67,    0, 1980,2
1779.34,1549.20,    0, 2596,2
1847.17,1596.26,    0, 1517,2
1773.34,1580.96,    0, 2088,1
1792.89,1536.68,    0, 3637,2
1804.29,1573.95,    0, 3009,2
1843.94,1579.83,    0, 2072,2
1832.88,1616.29,    0, 2401,1
1811.58,1528.50,    0, 2005,2
1804.29,1573.95,    0, 4232,2
1775.04,1565.05,    0, 4334,1
1804.29,1573.95,    0, 2135,2
1834.60,1603.05,    0, 3967,1
1804.29,1573.95,    0, 2205,2
1765.68,1558.86,    0, 2059,1
1804.27,1586.52,    0, 3012,1
1790.04,1563.25,    0, 3458,2
1804.29,1573.95,    0, 2481,2
