1610.93,1408.43,    0, 3314,1
1602.53,1351.21,    0, 3040,2
1632.84,1392.39, 1300, 3579,1
1610.88,1397.54,    0, 4380,2
1630.73,1397.64,    0, 4211,1
1610.88,1397.54,    0, 2732,2
1622.52,1351.06,    0, 1466,2
1588.80,1364.69,    0, 2318,1
1592.64,1381.71,    0, 1375,1
1639.21,1422.14,    0, 1779,1
1606.48,1355.25,    0,  925,2
1608.11,1345.53,    0, 2644,2
1641.85,1388.39,    0, 1886,2
1648.56,1427.55,    0,  939,1
1610.88,1397.54,    0, 4625,2
1667.77,1409.36,    0, 3340,2
1603.81,1405.25,    0, 3621,1
1584.64,1364.97,    0, 1875,1
1641.00,1404.56,    0, 2432,1
1610.88,1397.54,    0, 4241,2
1601.38,1403.37,    0, 4121,1
1587.21,1362.72,    0, 1816,2
1617.16,1379.03,    0, 1964,2
1611.03,1447.04,    0, 1862,1
1571.07,1386.39,    0, 1360,1
1664.10,1411.76,    0, 3058,2
1601.42,1357.24,    0, 2678,2
1595.79,1409.26,    0, 2151,1
1657.88,1428.51,    0,  865,2
1609.33,1406.66,    0, 4462,1
1629.08,1427.42,    0, 3964,1
1597.38,1369.02,    0, 3572,2
1650.42,1400.18,    0, 4030,2
1590.70,1382.42,    0, 2550,1
1640.46,1425.90,    0, 1065,1
1601.89,1370.10,    0, 2000,2
1578.97,1378.92,    0, 1328,1
1596.55,1426.34,    0, 2130,1
1615.08,1359.18,    0, 2924,2
1587.24,1363.61,    0, 2805,2
1650.52,1422.23,  861, 1921,1
1579.96,1379.07,    0, 2590,1
1623.08,1444.85,    0, 1729,1
1610.88,1397.54,    0, 2840,2
1610.88,1397.54,    0, 2830,2
1572.89,1388.91,    0, 2454,1
1652.86,1370.03,    0, 3875,2
1595.15,1380.65,    0, 4136,2
1652.29,1388.06,    0, 2191,2
1617.25,1344.85,    0, 2461,2
1598.48,1402.18,    0, 3098,1
1610.88,1397.54,    0, 4733,2
1609.47,1346.37,    0, 1036,2
1610.88,1397.54,    0, 3055,2
1662.85,1408.63,    0, 1662,2
1624.59,1441.29,    0, 2382,1
1610.88,1397.54,    0, 3134,2
1634.10,1424.57,    0, 1532,1
1593.18,1398.83,    0, 3162,1
1645.47,1434.11, 2619, 3314,1
1642.44,1427.73,    0, 2630,1
1604.35,1348.62,    0,  542,2
1590.96,1390.65,    0, 3921,1
1597.91,1351.17,    0,  643,1
1601.94,1393.87,    0, 3899,2
1645.84,1378.37,    0, 3653,2
1635.49,1408.45,    0, 2409,1
1586.44,1361.32,    0, 1988,2
1604.83,1406.09,    0, 4257,1
1658.18,1413.26,    0, 1381,2
1597.41,1357.05,    0, 3101,2
1610.88,1397.54,    0, 3352,2
1655.06,1392.18,    0, 4497,2
1660.91,1410.40,    0, 1504,2
1621.06,1386.47,    0, 4019,2
1600.21,1358.99,    0, 2676,2
1615.40,1406.89,    0, 2550,1
1580.35,1389.28,    0, 3060,1
1660.10,1426.89,    0,  286,2
1603.30,1398.93,    0, 2773,1
1639.26,1378.40,    0, 1913,2
1618.01,1377.86,    0, 2486,2
1610.88,1397.54,    0, 4438,2
1646.05,1428.41,    0, 3302,1
1620.04,1354.85,    0,  752,2
1631.82,1441.39,    0, 3784,1
1658.90,1421.21,    0, 1383,2
1653.19,1413.32,    0, 1436,2
1616.24,1367.34,    0, 4630,2
1659.84,1403.64,    0, 1066,2
1610.88,1397.54,    0, 4481,2
1610.88,1397.54,    0, 3237,2
1637.15,1421.21,    0, 3918,1
1635.59,1439.57,    0, 2522,1
1643.33,1423.67,    0, 1475,1
1638.85,1379.90,    0, 4996,2
1610.88,1397.54,    0, 4819,2
1573.99,1400.04,    0, 2478,1
1606.55,1354.36,    0, 1755,2
1589.01,1359.24, 2451, 1047,1
1644.62,1362.67,    0, 2131,2
1613.98,1402.92,    0, 2913,1
1593.46,1372.07,    0, 3843,2
1610.88,1397.54,    0, 5181,2
1596.45,1367.90,    0, 2292,2
1646.21,1383.66,    0, 3844,2
1650.81,1407.49,    0, 1846,2
1616.74,1350.50,    0, 1123,2
1615.90,1447.80,    0,  584,1
1641.38,1421.85,    0, 2953,1
1633.34,1440.52,    0, 1695,1
1612.85,1353.91,    0, 1761,2
1638.05,1427.56,    0, 1171,1
1592.42,1357.37,    0, 2374,1
1666.49,1411.14,    0, 2389,2
1578.69,1415.89,    0, 2513,1
1651.18,1379.34,    0, 2060,2
1638.55,1416.15,    0, 3646,1
1625.86,1386.16,    0, 5336,2
1632.41,1377.43,    0, 2834,2
1643.89,1418.55,    0, 1579,1
1637.82,1439.06,    0, 1584,1
1631.11,1407.27,    0, 2728,1
1636.48,1426.07,    0, 3854,1
1639.77,1377.74,    0, 2178,2
1646.90,1422.29,    0, 1771,1
1588.21,1377.08,    0, 2258,2
1580.18,1373.87,    0, 2087,1
1605.90,1352.23,    0, 1850,2
1620.18,1385.21,    0, 3241,2
1641.18,1433.82,    0, 1301,1
1603.45,1398.88,    0, 2004,1
1607.03,1411.68,    0, 2832,1
1582.51,1386.29,    0, 2276,1
1651.71,1383.10,    0, 2880,2
1663.80,1413.69,    0, 2442,2
1647.47,1419.37,    0, 2194,1
1583.08,1380.86,    0, 2498,1
1610.88,1397.54,    0, 3006,2
1645.73,1428.43,    0, 3390,1
1577.21,1382.01,    0, 3326,1
1605.15,1346.66,    0, 2166,2
1610.88,1397.54,    0, 4510,2
1567.56,1391.85,    0,  509,1
1618.66,1445.54,    0,  722,1
1630.53,1393.37,    0, 3752,2
1599.40,1393.68,    0, 3549,2
1633.82,1378.32,    0, 2359,2
1590.42,1363.29,    0, 2228,1
1641.35,1414.45,    0, 1827,1
1637.03,1421.74, 1910, 3152,1
1643.39,1384.89,    0, 3193,2
1666.95,1381.96,    0, 1344,2
1610.88,1397.54,    0, 4048,2
1610.88,1397.54,    0, 2089,2
1610.88,1397.54,    0, 4013,2
1610.88,1397.54,    0, 2597,2
1655.44,1401.31,    0, 2727,2
1664.78,1411.80,    0, 3257,2
1642.65,1391.11,    0, 2459,2
1584.25,1407.32, 3169, 2962,1
1570.90,1402.83,    0, 3062,1
1584.02,1375.34,    0, 1040,1
1604.10,1402.93,    0, 3204,1
1653.82,1375.50,    0, 1086,2
1601.56,1401.31,    0, 4612,1
1601.31,1359.82,    0,  844,2
1586.05,1412.60,    0, 3891,1
1601.63,1362.25,    0, 1205,2
1610.88,1397.54,    0, 2571,2
1611.79,1379.21,    0, 3189,2
1610.88,1397.54,    0, 4171,2
1638.61,1389.38,    0, 2131,2
1587.52,1380.69,    0, 1716,2
1611.19,1429.82,    0, 2214,1
1603.49,1369.43,    0, 2164,2
1610.88,1397.54,    0, 3850,2
1663.21,1411.13,    0, 1898,2
1583.26,1358.18, 3551, 2094,1
1632.16,1390.91,    0, 2207,2
1633.94,1389.45,    0, 4138,2
1643.10,1428.09,    0, 3008,1
1623.15,1386.09,    0, 2347,2
1659.49,1413.35,    0, 3077,2
1604.30,1444.88,    0,  676,1
1592.65,1388.30,    0, 2116,2
1610.27,1438.24,    0, 3646,1
1585.05,1384.42,    0, 1330,1
1656.58,1408.05,    0, 2330,2
1651.68,1415.56,    0, 2567,2
1584.47,1374.02,    0, 1738,2
1591.83,1380.31,    0, 1850,1
1654.52,1423.27,    0, 2678,2
1644.55,1427.53,    0, 2370,1
1606.44,1350.03,    0, 1868,2
1619.47,1344.08,    0,  953,2
1596.25,1363.72,    0, 1567,2
1610.88,1397.54,    0, 3162,2
1644.57,1423.69,    0, 1239,1
1592.57,1404.79,    0, 2548,1
