 408.14, 229.70,    0, 3698,2
 465.87, 285.74,    0, 1439,1
 439.87, 286.27,    0, 2534,2
 463.06, 268.51,    0, 5308,1
 434.34, 235.92,    0, 4260,1
 441.49, 264.73,    0, 2732,2
 440.15, 301.92,    0, 3460,2
 441.49, 264.73,    0, 2650,2
 446.75, 263.75,    0, 2118,1
 427.52, 289.42,    0, 2604,2
 445.79, 245.18,    0, 5512,1
 459.36, 238.24,    0, 3402,1
 446.53, 247.55,    0, 3027,1
 448.87, 305.58,    0, 4222,1
 474.28, 265.60,    0, 1985,1
 435.00, 291.05,    0, 3107,2
 424.11, 233.87,    0, 5157,2
 429.89, 303.53, 2357, 1771,1
 421.06, 259.68,    0, 3740,2
 448.51, 234.91,    0, 3693,1
 427.33, 212.96,    0, 3688,2
 435.47, 282.29,    0, 4721,2
 420.19, 219.56,    0, 3801,2
 441.49, 264.73,    0, 2979,2
 436.36, 210.82,    0, 3729,2
 466.17, 284.48,    0, 1537,1
 461.62, 290.91,    0, 1665,1
 427.72, 214.47,    0, 3805,2
 462.59, 289.55,    0, 1612,1
 437.15, 272.89,    0, 2274,2
 478.95, 270.20,    0, 2062,1
 469.01, 286.20,    0, 3977,1
 441.49, 264.73,    0, 4732,2
 461.69, 293.78,    0, 2175,1
 458.64, 252.31,    0, 3020,1
 457.18, 266.49,    0, 2553,1
 403.92, 223.34,    0, 3179,2
 462.42, 284.08,    0, 2459,1
 473.44, 275.49,    0, 4784,1
 442.70, 286.10,    0, 2441,2
 419.43, 226.47,    0, 4269,2
 459.34, 283.15,    0, 5286,1
 459.38, 274.66,    0, 4448,1
 406.15, 278.26,    0, 2686,2
 459.63, 280.66,    0, 2667,1
 412.71, 279.80,    0, 3139,2
 476.69, 258.50,    0, 2384,1
 476.60, 273.39,    0, 1872,1
 400.47, 232.55,    0, 3225,2
 451.15, 246.69,    0, 2967,1
 439.50, 276.58,    0, 5420,2
 420.23, 269.50,    0, 4709,2
 401.74, 234.39,    0, 3316,2
 462.87, 293.52,    0, 2466,1
 441.49, 264.73,    0, 5582,2
 442.90, 249.36,    0, 3856,1
 465.16, 270.63,    0, 2290,1
 441.49, 264.73,    0, 4192,2
 410.91, 233.21,    0, 4002,2
 416.55, 264.70,    0, 3299,2
 415.64, 220.87,    0, 3665,2
 399.95, 232.72,    0, 3656,2
 468.38, 273.29,    0, 5179,1
 425.58, 220.79,    0, 5035,2
 472.99, 248.98,    0, 2690,1
 448.99, 303.76,    0, 2053,1
 461.72, 286.40,    0, 3140,1
 477.86, 271.01,    0, 3260,1
 439.60, 273.85,    0, 2613,2
 445.02, 285.23,    0, 5090,2
 461.24, 274.94,    0, 1770,1
 400.60, 265.09,    0, 3198,2
 456.98, 288.03,    0, 3204,1
 449.70, 301.37, 1892, 1931,1
 439.68, 288.46,    0, 3214,2
 412.33, 268.14,    0, 4533,2
 412.53, 249.33,    0, 3952,2
 436.45, 298.96,    0, 2221,1
 465.72, 277.87,    0, 3234,1
 441.49, 264.73,    0, 4366,2
 474.85, 274.12,    0, 2060,1
 409.94, 225.56,    0, 3554,2
 453.49, 245.02,    0, 3053,1
 450.53, 285.22,    0, 2267,1
 426.54, 233.78,    0, 4742,2
 443.78, 242.29,    0, 3564,1
 471.89, 248.59,    0, 2681,1
 455.72, 270.88,    0, 2775,1
 469.49, 260.91,    0, 2562,1
 399.50, 235.50,    0, 3206,2
 464.62, 277.18,    0, 2177,1
 473.64, 276.19,    0, 2195,1
 444.05, 254.74,    0, 3091,1
 461.91, 288.37,    0, 3531,1
 454.90, 290.73,    0, 2983,1
 456.34, 284.99,    0, 2865,1
 399.48, 246.87,    0, 3440,2
 445.68, 271.58,    0, 5221,2
 440.56, 226.77,    0, 4315,1
 465.38, 286.93,    0, 1353,1
 419.36, 249.54,    0, 4277,2
 454.78, 263.97,    0, 2589,1
 433.51, 210.84,    0, 3680,2
 406.05, 226.56,    0, 3397,2
 458.42, 288.96,    0, 2255,1
 470.25, 277.26,    0, 3115,1
 421.19, 243.51,    0, 4528,2
 457.37, 292.85, 2053, 2343,1
 468.29, 286.18,    0, 2498,1
 408.36, 217.91,    0, 3173,2
 469.21, 286.37,    0, 1775,1
 410.49, 230.73,    0, 3950,2
 439.52, 292.42,    0, 2514,2
 464.23, 289.07,    0, 1982,1
 420.90, 212.12,    0, 3393,2
 393.22, 232.72,    0, 3562,2
 428.81, 301.32,    0, 1848,2
 466.23, 286.31,    0, 2332,1
 403.89, 226.56,    0, 3290,2
 444.25, 247.17,    0, 3194,1
 443.32, 294.05,    0, 3207,2
 461.47, 271.47,    0, 2596,1
 449.65, 288.18,    0, 3840,1
 424.61, 229.67,    0, 4564,2
 411.60, 229.06,    0, 3972,2
 471.70, 275.74,    0, 1816,1
 468.05, 281.90,    0, 2357,1
 408.99, 277.81,    0, 4330,2
 448.12, 246.32,    0, 3076,1
 467.82, 282.01,    0, 1627,1
 444.36, 285.89,    0, 3190,2
 458.39, 282.12,    0, 2768,1
 451.18, 293.03,    0, 2848,1
 441.49, 264.73,    0, 4110,2
 401.92, 235.92,    0, 3418,2
 417.08, 252.08,    0, 4060,2
 424.65, 211.26,    0, 3467,2
 419.89, 274.56,    0, 4066,2
 450.95, 266.47,    0, 4310,1
 475.66, 271.63,    0, 1862,1
 470.98, 276.13,    0, 3594,1
 461.49, 291.48,    0, 2710,1
 430.62, 246.39,    0, 4499,1
 464.93, 285.49,    0, 3744,1
 455.22, 292.51,    0, 1579,1
 408.06, 234.24,    0, 3874,2
 466.42, 271.57,    0, 2272,1
 453.93, 259.25,    0, 2880,1
 465.10, 294.20,    0, 2835,1
 425.42, 293.99,    0, 3385,2
 465.18, 280.73,    0, 2084,1
 457.96, 263.72,    0, 2195,1
 408.60, 219.76,    0, 3287,2
 469.33, 247.24,    0, 2887,1
 466.75, 283.30,    0, 2083,1
 409.56, 244.46,    0, 3916,2
 394.45, 231.12,    0, 2793,2
 432.81, 212.19,    0, 3779,2
 475.62, 259.36,    0, 3676,1
 464.46, 291.04,    0, 4329,1
 468.37, 277.64,    0, 2222,1
 396.86, 250.83,    0, 3249,2
 420.22, 238.82,    0, 4495,2
 424.01, 246.34,    0, 4660,2
 469.14, 284.88,    0, 1460,1
 441.49, 264.73,    0, 4860,2
 422.74, 293.09,    0, 2193,2
 424.49, 236.58,    0, 5504,2
 428.30, 217.79,    0, 4010,2
 457.00, 274.89,    0, 1984,1
 401.16, 225.44,    0, 3085,2
 469.30, 276.58,    0, 2182,1
 442.91, 253.54,    0, 2884,1
 456.45, 242.12,    0, 3203,1
 388.77, 270.57,    0, 2393,2
 453.49, 251.07,    0, 2935,1
 422.79, 218.21,    0, 3840,2
 442.02, 245.01,    0, 3471,1
 457.90, 299.16,    0, 2142,1
 441.49, 264.73,    0, 2921,2
 425.01, 292.20,    0, 2906,2
 424.40, 289.70,    0, 4030,2
 418.76, 224.37,    0, 4178,2
 456.21, 294.90,    0, 4976,1
 386.94, 243.56,    0, 2758,2
 462.14, 292.99,    0, 1584,1
 431.70, 214.73,    0, 3934,2
 447.13, 256.18,    0, 3629,1
 405.37, 225.61,    0, 3341,2
 467.33, 285.42,    0, 3634,1
 409.19, 228.11,    0, 4778,2
 470.19, 278.11,    0, 3218,1
 401.21, 272.45,    0, 5103,2
 422.88, 265.64,    0, 3126,2
 384.47, 251.12,    0, 1970,2
 422.09, 269.75,    0, 2785,2
 388.96, 243.75,    0, 2521,2
 405.38, 265.40,    0, 3057,2
 447.92, 280.17,    0, 3094,2
 476.62, 269.50,    0, 1975,1
