 553.66, 380.74,    0, 4842,1
 590.59, 409.25,    0, 2645,2
 543.31, 413.58,    0, 1952,2
 554.04, 356.88,    0, 2076,1
 542.64, 333.71, 1505, 2352,1
 536.46, 335.48,    0, 1134,1
 585.58, 406.82,    0, 1723,2
 530.48, 356.80,    0, 2045,1
 556.76, 355.14,    0, 2399,1
 593.57, 395.55,    0, 1694,2
 531.21, 386.11,    0, 1965,1
 579.77, 394.88,    0, 4643,2
 531.55, 368.89,    0, 1694,1
 552.06, 360.91,    0, 2817,1
 577.52, 379.83,    0, 4417,2
 558.99, 374.26,    0, 4146,2
 562.76, 427.69,    0, 3554,2
 596.54, 399.19,    0, 3186,2
 537.53, 337.87,    0, 1699,1
 592.69, 356.38,    0, 3638,2
 542.41, 333.16,    0, 2676,1
 585.92, 403.29,    0, 3222,2
 604.17, 395.53,    0, 3153,2
 527.78, 372.75,    0, 3359,1
 590.63, 404.43,    0, 1650,2
 558.99, 374.26,    0, 2089,2
 551.44, 360.77,    0, 4320,1
 526.00, 364.04,    0, 3228,1
 555.58, 428.40,    0, 1759,2
 580.59, 357.97,    0, 3609,2
 577.92, 423.91,    0, 4710,2
 591.65, 351.80,    0, 3109,2
 520.23, 357.33,    0, 1798,1
 558.99, 374.26,    0, 3186,2
 587.49, 406.47,    0, 2562,2
 566.86, 354.24,    0, 1959,2
 582.33, 414.94,    0, 3915,2
 588.74, 396.13,    0, 2650,2
 567.99, 416.12,    0, 3296,2
 529.36, 354.83,    0, 3727,1
 537.92, 372.57,    0, 2160,1
 560.08, 383.20,    0, 2808,2
 537.77, 392.47,    0, 4125,1
 562.34, 330.13,    0, 4369,1
 551.37, 411.72,    0, 4118,2
 549.20, 360.42,    0, 3393,1
 565.90, 402.45,    0, 4415,2
 590.89, 406.60,    0, 1810,2
 536.58, 407.63,    0, 2120,2
 584.39, 390.60,    0, 1504,2
 573.24, 346.04,    0, 3384,1
 556.87, 340.32,    0, 3164,1
 537.48, 378.86,    0, 2037,1
 566.80, 370.94,    0, 4297,2
 520.48, 396.29,    0, 3085,1
 542.73, 396.64,    0, 2404,1
 599.53, 392.78,    0, 2097,2
 534.46, 361.52,    0, 3013,1
 528.06, 367.80,    0, 2248,1
 535.34, 383.37,    0, 3981,1
 551.98, 353.07,    0, 2739,1
 595.76, 386.85,    0, 2794,2
 584.99, 414.98,    0, 1875,2
 533.82, 339.16, 2169, 3193,1
 581.16, 419.13,    0, 3332,2
 570.87, 422.03,    0, 1655,2
 579.12, 418.96,    0, 3780,2
 572.88, 426.44,    0, 1901,2
 598.93, 399.35,    0, 2965,2
 590.06, 356.62,    0, 3058,2
 559.76, 408.78,    0, 2022,2
 524.86, 373.34,    0, 3369,1
 592.40, 401.83,    0, 2852,2
 602.33, 365.94,    0, 2330,2
 583.23, 417.64,    0, 3716,2
 544.61, 339.04,    0, 4616,1
 551.23, 330.55,    0, 3156,1
 580.65, 416.04,    0, 1844,2
 564.06, 347.23,    0, 3808,1
 535.24, 354.52,    0, 3925,1
 545.20, 358.19,    0, 2216,1
 574.43, 423.50,    0, 3690,2
 547.21, 365.16,    0, 5375,1
 568.95, 377.26,    0, 4034,2
 522.39, 354.78,    0, 1376,1
 535.58, 348.12,    0, 3489,1
 586.06, 350.80,    0, 2407,2
 544.02, 333.27,    0, 4490,1
 581.99, 384.33,    0, 2832,2
 535.07, 390.99,    0, 3023,1
 589.01, 411.52,    0, 3768,2
 601.50, 376.74,    0, 4808,2
 577.49, 371.21,    0, 3952,2
 531.46, 402.74,    0, 2271,2
 566.78, 401.13,    0, 2517,2
 590.13, 418.57,    0, 1671,2
 525.08, 364.53,    0, 2619,1
 593.96, 399.09,    0, 3006,2
 535.85, 352.80,    0, 1725,1
 581.38, 417.54,    0, 1703,2
 540.81, 391.73,    0, 2446,1
 566.05, 428.57,    0, 2651,2
 599.60, 402.39,    0, 2499,2
 547.46, 333.13,    0, 1775,1
 600.47, 387.80,    0, 2430,2
 571.43, 427.18,    0, 1098,2
 512.63, 369.28,    0, 2731,1
 571.93, 423.00,    0, 1907,2
 598.96, 373.12,    0, 4675,2
 513.27, 365.44,    0, 3029,1
 544.09, 375.67,    0, 3946,1
 523.94, 346.11,    0, 2345,1
 595.00, 364.22,    0, 1721,2
 600.14, 366.10,    0, 4094,2
 542.26, 366.68,    0, 3865,1
 551.14, 335.55,    0, 2079,1
 575.13, 414.32,    0, 2682,2
 533.24, 378.88,    0, 3872,1
 552.97, 339.46,    0, 3249,1
 533.21, 354.88,    0, 5015,1
 587.43, 414.90,    0, 2607,2
 546.02, 409.45,    0, 4396,2
 530.46, 383.04,    0, 3221,1
 516.79, 362.54,    0, 1844,1
 563.75, 428.77,    0, 1920,2
 531.45, 372.84,    0, 2448,1
 558.99, 374.26,    0, 3102,2
 574.56, 342.60,    0, 4662,1
 596.53, 359.53,    0, 4096,2
 576.51, 359.82,    0, 3051,2
 579.37, 361.98,    0, 3321,2
 601.73, 394.12,    0, 4494,2
 574.58, 346.26,    0, 2621,1
 563.37, 334.77,    0, 2355,1
 584.07, 414.95,    0, 2931,2
 544.88, 392.60,    0, 3790,1
 595.88, 411.69,    0, 2942,2
 523.22, 353.43,    0, 2592,1
 561.58, 427.28,    0, 1598,2
 602.07, 369.15,    0, 3896,2
 581.84, 404.24,    0, 5105,2
 609.02, 370.58,    0, 3714,1
 521.94, 362.61,    0, 2349,1
 593.61, 400.89,    0, 3184,2
 558.99, 374.26,    0, 3215,2
 560.88, 348.00,    0, 2115,1
 578.01, 358.47,    0, 2417,2
 549.82, 425.96,    0, 2817,2
 526.95, 363.47,    0, 3023,1
 558.99, 374.26,    0, 4556,2
 600.99, 372.05,    0, 3991,2
 558.99, 374.26,    0, 3339,2
 555.74, 334.75,    0, 3317,1
 554.25, 345.59,    0, 2728,1
 566.18, 417.57,    0, 3441,2
 528.75, 378.17,    0, 1904,1
 541.33, 343.44,    0, 2448,1
 536.25, 370.55,    0, 2022,1
 582.42, 370.00,    0, 3613,2
 574.44, 424.12,    0, 1641,2
 587.97, 357.66,    0, 4258,2
 584.69, 389.15,    0, 1814,2
 551.01, 329.12,    0, 1558,1
 526.41, 376.45,    0, 3251,1
 571.99, 374.47,    0, 2508,2
 568.65, 338.84,    0, 4054,1
 558.99, 374.26,    0, 2797,2
 543.95, 332.96,  598, 1418,1
 549.20, 394.21,    0, 3871,1
 583.82, 345.25,    0, 1935,1
 554.04, 378.46,    0, 3397,1
 558.99, 374.26,    0, 4171,2
 586.93, 389.26,    0, 4446,2
 558.99, 374.26,    0, 2918,2
 543.08, 383.47,    0, 3898,1
 573.25, 426.43,    0, 2425,2
 534.04, 346.12,    0, 3170,1
 542.33, 377.06,    0, 3572,1
 593.99, 408.81,    0, 1526,2
 519.60, 367.18,    0, 2619,1
 605.10, 399.42,    0, 2549,2
 576.90, 345.42,    0, 2861,1
 524.88, 343.07, 2504, 3687,1
 558.99, 374.26,    0, 2853,2
 514.64, 385.66,    0, 2989,1
 593.98, 412.55,    0, 2948,2
 577.83, 365.27,    0, 4699,2
 558.99, 374.26,    0, 3555,2
 552.90, 382.75,    0, 2652,1
 562.86, 428.74,    0, 2872,2
 596.29, 401.23,    0, 1369,2
 582.53, 415.39,    0, 3236,2
 541.25, 339.00,    0, 2062,1
 531.96, 353.06,    0, 3205,1
 571.29, 409.69,    0, 3333,2
 538.58, 365.75,    0, 3900,1
 536.04, 385.77,    0, 5095,1
 533.38, 355.81,    0, 3614,1
 552.56, 336.07,    0, 4040,1
 572.69, 427.35,    0, 3244,2
