1402.92,1176.49,    0, 3057,1
1398.36,1166.32,    0, 1283,1
1401.88,1189.60,    0, 2739,1
1322.43,1141.35,    0,    0,2
1410.81,1183.89,    0, 2200,1
1372.75,1149.42,    0, 2644,1
1372.26,1198.49,    0, 1461,1
1351.56,1161.80,    0, 1607,2
1400.45,1138.32,    0, 1801,1
1335.86,1145.60,    0, 1592,2
1384.02,1147.89,    0, 2251,1
1384.43,1192.36,    0, 2915,1
1341.55,1131.93,    0, 3987,2
1345.54,1123.63,    0,  913,2
1391.72,1129.11,    0, 2970,2
1372.01,1158.35,    0, 4146,2
1409.39,1170.74,    0, 1422,1
1389.46,1156.99,    0, 2287,1
1379.91,1198.75,    0, 1053,1
1405.38,1168.86,    0, 2695,1
1410.03,1156.58,    0, 1541,1
1374.82,1109.81,    0,  148,2
1379.02,1163.90,    0, 3602,1
1400.90,1174.70,    0, 3016,1
1408.79,1169.62,    0, 1285,1
1395.42,1151.81,    0, 3130,1
1325.47,1147.69,    0, 2618,2
1387.35,1193.03,    0, 2942,1
1356.85,1116.56,    0, 1267,2
1348.99,1146.63,    0, 3457,2
1405.02,1170.84,    0, 1475,1
1395.02,1177.40,    0, 1840,1
1402.67,1175.59,    0, 1216,1
1390.59,1193.23,    0, 2223,1
1377.85,1203.25,    0, 3014,1
1331.54,1176.78,    0,  471,2
1377.65,1202.42,    0, 2225,1
1368.65,1115.66,    0, 2494,2
1380.36,1196.62,    0, 1054,1
1351.25,1157.37,    0, 4851,2
1348.31,1114.12,    0,   74,2
1403.89,1151.60,    0, 1511,1
1368.54,1159.03,    0, 4057,2
1402.69,1186.66,    0, 3283,1
1387.06,1169.80,    0, 2504,1
1359.12,1165.09,    0, 5153,2
1362.41,1108.24,    0, 2452,2
1354.28,1164.08,    0, 3092,2
1417.59,1141.11,    0,  138,2
1383.78,1155.43,    0, 4292,1
1372.01,1158.35,    0, 3883,2
1344.95,1153.43,    0, 4166,2
1364.19,1142.71,    0, 2035,2
1337.22,1173.49,    0, 2405,2
1377.27,1186.87, 2193, 1394,1
1398.43,1179.24,    0,  487,1
1392.41,1114.38,    0, 2145,2
1393.53,1177.21,    0, 3117,1
1371.13,1194.60,    0, 1166,2
1358.29,1140.72,    0, 3900,2
1375.41,1204.22,    0,  602,1
1342.52,1146.65,    0, 2070,2
1392.83,1201.75, 2742, 1582,1
1387.99,1197.18, 1058,   31,1
1384.54,1201.27,    0, 2804,1
1355.60,1126.41,    0, 2075,2
1394.92,1185.85,    0, 2073,1
1401.27,1162.45,    0, 1732,1
1352.94,1127.64,    0, 3220,2
1379.81,1144.48, 2017, 3876,1
1392.30,1151.06, 3548, 4733,1
1390.38,1189.04,    0, 1450,1
1349.97,1139.08,    0, 1511,2
1350.20,1117.05,    0, 2779,2
1342.69,1144.59,    0, 2058,2
1369.88,1183.89,    0, 4549,2
1354.83,1155.95,    0, 3437,2
1361.02,1119.78,    0, 1901,2
1388.37,1198.89,    0, 2272,1
1386.51,1150.26,    0, 3985,1
1403.59,1180.02,    0, 2153,1
1356.75,1119.31,    0, 2829,2
1363.87,1125.48,    0, 4469,2
1330.27,1149.58,    0, 1616,2
1328.47,1159.14,    0, 3103,2
1394.82,1182.38,    0, 1952,1
1409.17,1163.58,    0, 1063,1
1393.36,1187.77,    0, 1548,1
1337.58,1134.69,    0, 1756,2
1401.36,1188.20,    0, 3732,1
1325.65,1139.95,    0, 1319,2
1371.87,1116.68,    0,  334,2
1375.88,1204.77,    0,    0,1
1390.64,1186.28,    0, 1395,1
1372.84,1125.66,    0, 3510,2
1335.39,1167.85,    0, 1249,2
1405.86,1159.89,    0, 1672,1
1344.35,1163.57,    0, 2889,2
1333.73,1137.22,    0, 2018,2
1395.40,1177.11,    0, 3283,1
1381.65,1198.36,    0, 3155,1
1382.08,1160.53,    0, 2340,1
1397.91,1176.18,    0, 3531,1
1375.12,1154.11,    0, 4769,1
1396.59,1189.62,    0, 1868,1
1351.41,1136.59,    0, 4471,2
1370.90,1113.27,    0, 3030,2
1396.54,1184.41, 2164, 1577,1
1413.19,1160.18,    0, 1810,1
1382.21,1188.76,    0, 1395,1
1340.13,1127.62,    0,  429,2
1389.42,1141.99, 1676, 3230,1
1397.50,1187.89,    0,  805,1
1393.90,1165.77,    0, 3271,1
1352.49,1114.07,    0, 1420,2
1352.92,1129.26,    0, 1018,2
1388.48,1190.56,    0, 1569,1
1379.66,1204.35,    0, 1142,1
1332.27,1178.19,    0, 2924,2
1330.82,1156.86,    0, 3911,2
1372.01,1158.35,    0, 3408,2
1351.38,1136.47,    0, 4115,2
1344.27,1163.54,    0, 3315,2
1418.15,1168.90,    0, 2422,1
1373.50,1206.47,    0,  926,1
1398.20,1192.92,    0,  923,1
1373.78,1196.20,    0, 1483,1
1398.18,1156.42,    0, 3858,1
1381.88,1136.10,    0, 3932,2
1349.53,1122.39,    0, 2309,2
1400.80,1191.84,  770,    0,1
1403.48,1193.20,  813,    0,1
1390.14,1139.09,    0, 2459,1
1345.62,1144.91,    0, 4425,2
1390.18,1169.88,    0, 4907,1
1356.01,1120.16,    0, 3543,2
1401.85,1172.89,    0, 1821,1
1365.66,1137.04,    0, 3899,2
1339.57,1139.21,    0, 2427,2
1389.40,1194.98,    0, 3791,1
1376.99,1164.00,    0, 5350,1
1376.71,1156.14,    0, 5033,1
1391.91,1186.25,    0, 2098,1
1339.12,1132.11,    0, 1513,2
1373.94,1206.97,    0,  205,1
1362.09,1160.60,    0, 3584,2
1372.01,1158.35,    0, 3832,2
1345.62,1141.99,    0, 1082,2
1412.02,1173.99,    0, 1527,1
1369.07,1109.71,    0,  496,2
1337.18,1154.81,    0, 1293,2
1413.85,1144.99,    0, 1434,1
1333.54,1138.49,    0, 1808,2
1372.01,1158.35,    0, 3191,2
1385.29,1143.39,    0, 1897,1
1390.55,1159.55,    0, 2927,1
1387.12,1177.50,    0, 3259,1
1395.14,1177.69,    0,  879,1
1401.75,1126.05,    0, 1519,2
1372.01,1158.35,    0, 4393,2
1402.49,1183.91,    0,  173,1
1372.01,1158.35,    0, 4426,2
1399.11,1168.99,    0, 2045,1
1379.67,1175.43,    0, 2111,1
1374.33,1112.91,    0,  285,2
1387.98,1115.25,    0,  179,2
1372.01,1158.35,    0, 2797,2
1372.01,1158.35,    0, 5571,2
1384.06,1132.28,    0, 1899,2
1346.01,1164.17,    0, 4266,2
1343.67,1128.86,    0, 2727,2
1341.13,1141.52,    0, 1510,2
1337.09,1118.78,    0, 1298,2
1343.48,1129.87,    0, 3297,2
1409.69,1171.02,    0, 3534,1
1339.85,1193.54,    0,  681,2
1403.90,1178.30,    0, 1628,1
1369.47,1206.26,    0,  392,1
1348.00,1114.26,    0,  283,2
1374.05,1203.78,    0,  857,1
1396.85,1176.86,    0, 3879,1
1329.83,1131.34,    0, 2270,2
1398.68,1173.84,    0, 3460,1
1383.09,1200.43,    0,  488,1
1398.30,1186.52,    0, 1248,1
1396.91,1180.99,    0, 1706,1
1373.50,1169.20,    0, 3422,2
1331.33,1135.76,    0, 2550,2
1372.01,1158.35,    0, 2303,2
1401.59,1196.52,    0,  375,1
1372.47,1129.52,    0, 3298,2
1387.91,1134.86,    0, 1699,1
1372.80,1198.91,    0, 1110,1
1346.90,1163.38,    0, 4772,2
1352.86,1125.62,  349, 3213,1
1361.81,1177.49,    0, 2292,2
1372.01,1158.35,    0, 2386,2
1383.49,1142.07,    0, 2730,1
1392.45,1135.02, 2530, 3903,1
1336.91,1164.56,    0, 1382,2
