1815.96,1619.30,    0, 1265,1
1808.47,1525.87,    0, 1120,2
1782.38,1534.40,    0, 1456,1
1805.18,1618.23,    0, 1348,1
1794.25,1527.01,    0,  894,1
1777.27,1537.38,    0, 1044,1
1843.88,1596.00,    0, 1003,2
1830.09,1604.42,    0, 1409,1
1839.14,1597.75,    0, 1178,2
1799.25,1608.91,    0, 1410,1
1782.57,1589.02,    0, 1514,1
1837.09,1606.98,    0, 1034,2
1834.77,1605.67,    0, 1364,2
1803.76,1567.24,    0, 1537,2
1804.13,1540.31,    0, 1784,2
1819.47,1586.54,    0, 2351,1
1795.28,1534.73,    0, 1828,2
1831.48,1579.81,    0, 1877,2
1841.17,1606.92,    0,  694,2
1777.82,1551.10,    0, 1824,1
1759.16,1562.18,    0,  923,1
1788.28,1579.51, 1832, 2136,1
1843.78,1601.60,    0, 1100,2
1828.11,1578.07,    0, 1975,2
1786.65,1592.91,    0, 1426,1
1769.78,1561.78,    0, 1763,1
1773.01,1548.98, 1784, 1149,1
1832.24,1574.31,    0, 1961,2
1796.04,1524.67,    0, 1737,1
1762.80,1553.86,    0, 1157,1
1814.10,1616.74,    0, 1276,1
1836.47,1564.64,    0, 1433,2
1827.10,1605.32,    0, 1973,1
1790.81,1592.06,    0, 1972,1
1816.49,1527.69,    0, 1638,2
1824.67,1608.30,    0, 1521,1
1820.44,1576.24,    0, 1953,2
1842.96,1603.08,    0,  913,2
1772.51,1566.85,    0, 2373,1
1836.96,1592.15,    0, 1387,2
1816.34,1576.36,    0, 2395,1
1821.20,1566.99,    0, 2385,2
1847.88,1585.34,    0, 1597,2
1826.86,1613.82,    0, 2283,1
1840.06,1587.61,    0, 1247,2
1769.30,1551.22,    0, 1087,1
1789.69,1580.48,    0, 1453,1
1820.49,1552.14,    0, 1596,2
1836.29,1602.01,    0, 1234,2
1834.38,1564.25,    0, 1668,2
1854.43,1590.07,    0,  488,2
1835.25,1577.63,    0, 2439,2
1834.94,1601.89,    0, 1543,2
1776.52,1547.41,    0, 2078,1
1829.53,1600.56,    0, 2445,1
1835.02,1595.31,    0, 1493,2
1835.49,1598.39,    0, 2341,2
1826.02,1560.77,    0, 2009,2
1820.49,1552.75,    0, 2977,2
1849.46,1576.18,    0, 1717,2
1820.05,1596.60,    0, 2086,1
1811.50,1604.82,    0, 2060,1
1819.80,1620.99,    0, 1477,1
1784.23,1536.15,    0, 1951,1
1852.60,1592.47,    0, 1072,2
1794.48,1565.16,    0, 1486,1
1841.30,1571.87,    0, 1263,2
1789.72,1570.71,    0, 2512,1
1781.78,1579.42,    0, 2360,1
1794.48,1565.16,    0, 1582,1
1794.48,1565.16,    0, 1817,1
1839.29,1601.75,    0, 1150,2
1830.12,1616.85,    0,  732,2
1765.62,1561.55,    0, 1348,1
1831.48,1599.39,    0, 1705,1
1837.02,1599.18,    0, 2341,2
1836.50,1569.03,    0, 1769,2
1783.87,1562.48,    0, 2000,1
1778.31,1554.57,    0, 1687,1
1829.34,1613.03,    0, 1403,1
1826.76,1588.78,    0, 2074,1
1818.96,1572.45,    0, 1731,2
1793.41,1590.37,    0, 1442,1
1786.75,1541.94,    0, 2317,1
1794.48,1565.16,    0, 2108,1
1775.79,1556.61,    0, 1726,1
1852.35,1582.91,    0, 1348,2
1794.48,1565.16,    0, 2343,1
1812.03,1530.45,    0, 1989,2
1824.69,1614.04,    0, 1384,1
1808.54,1611.74,    0, 1788,1
1832.70,1607.86,    0, 1810,1
1844.62,1604.13,    0,  912,2
1779.47,1589.66,    0, 2285,1
1776.25,1559.13,    0, 1540,1
1853.56,1577.91,    0,  598,2
1778.90,1542.11,    0,  955,1
1848.94,1589.39,    0, 2231,2
1781.11,1549.08,    0, 1574,1
1795.18,1577.58,    0, 2006,1
1787.79,1532.62,    0, 1577,1
1826.26,1591.92,    0, 2767,1
1786.00,1555.28,    0, 1997,1
1794.74,1526.83,    0, 1636,1
1825.54,1600.68,    0, 2576,1
1771.72,1547.57,    0, 1423,1
1825.86,1605.92,  271, 1518,1
1820.16,1532.99,    0, 1823,2
1793.73,1595.41,    0, 1775,1
1832.48,1549.47,    0, 1230,2
1794.48,1565.16,    0, 3037,1
1827.29,1606.75,    0, 2326,1
1836.09,1554.00,    0, 2179,2
1808.39,1623.38,    0,  983,1
1765.52,1571.69,    0, 1457,1
1835.53,1571.35,    0, 2008,2
1794.48,1565.16,    0, 2172,1
1853.04,1593.23,    0, 1437,2
1841.29,1596.27,    0, 1245,2
1814.37,1558.57,    0, 1966,2
1819.39,1563.77,    0, 1479,2
1844.02,1603.84,    0, 1323,2
1814.66,1600.97,    0, 1262,1
1790.80,1529.00,    0, 1562,1
1777.88,1578.53,    0, 1334,1
1834.21,1614.42,    0,  701,2
1846.80,1558.29,    0, 1521,2
1794.48,1565.16,    0, 2113,1
1831.15,1603.36,    0, 1501,1
1781.72,1536.64,    0,  878,1
1818.03,1560.47,    0, 2044,2
1794.48,1565.16,    0, 2573,1
1831.28,1615.70,    0,  904,2
1834.13,1568.06,    0, 1903,2
1776.68,1584.57,    0, 1566,1
1791.74,1541.59,    0, 1266,2
1800.84,1580.40,    0, 2110,1
1836.68,1593.05,    0, 1394,2
1826.38,1570.84,    0, 2728,2
1794.48,1565.16,    0, 2194,1
1789.73,1562.18,    0, 2021,1
1793.94,1584.13, 2502, 3086,1
1789.55,1534.42,    0, 1444,1
1802.68,1575.62,    0, 1832,1
1827.95,1610.86,    0, 1822,1
1830.49,1588.45,    0, 2783,1
1779.69,1537.55,    0,  993,1
1847.15,1598.73,    0, 1459,2
1833.67,1599.82,    0, 1399,1
1788.96,1537.77,    0, 1936,1
1809.49,1609.45,    0, 1501,1
1783.23,1579.84, 1517, 1729,1
1814.24,1619.81,    0, 1157,1
1811.27,1567.78,    0, 2432,2
1794.48,1565.16,    0, 1853,1
1783.83,1535.94,    0, 1070,1
1784.79,1546.51,    0, 1448,1
1822.66,1621.12,    0, 1190,2
1845.26,1580.94,    0, 1558,2
1794.48,1565.16,    0, 2178,1
1856.81,1577.27,    0,  894,2
1816.33,1575.20,    0, 1992,2
1824.03,1584.46,    0, 3083,1
1837.18,1597.55,    0, 1462,2
1832.91,1599.99,    0, 1682,1
1832.08,1612.90,    0, 1339,2
1816.42,1617.61,    0, 1228,1
1847.18,1578.14,    0, 1680,2
1847.17,1589.56,    0, 1109,2
1818.63,1569.35,    0, 2145,2
1820.67,1555.45,    0, 1340,2
1831.77,1546.93,    0, 1402,2
1850.76,1568.73,    0, 1388,2
1803.66,1619.03,  456, 1150,1
1772.31,1541.75,    0, 1042,1
1854.39,1584.00,    0,  358,2
1803.76,1551.79,    0, 2318,2
1824.55,1563.21,    0, 2142,2
1778.65,1590.70,    0, 1986,1
1815.75,1566.20,    0, 2088,2
1797.33,1619.17,    0, 2003,1
1810.98,1617.80,    0, 1253,1
1815.82,1581.80,    0, 1833,1
1770.39,1558.08,    0, 1241,1
1770.78,1564.25,    0, 2249,1
1770.74,1540.39,    0,  498,1
1836.75,1603.10,    0, 1170,2
1836.09,1597.99,    0, 1647,2
1806.50,1550.12,    0, 1669,2
1816.53,1601.53,    0, 2180,1
1845.34,1600.01,    0, 1942,2
1775.14,1562.17,    0, 1701,1
1802.47,1531.57,    0,  889,2
1797.22,1560.23,    0, 1426,2
1824.17,1607.12,    0, 1263,1
1794.48,1565.16,    0, 2948,1
1791.49,1541.06,    0, 2295,2
1839.05,1609.15,    0, 2126,2
1806.24,1538.05,    0, 1099,2
1842.59,1586.90,    0, 1882,2
