1465.79,1230.56,    0, 2325,2
1403.80,1188.57,    0, 1381,2
1433.33,1223.37,    0, 2279,1
1429.99,1252.83,    0, 1581,2
1407.80,1232.16,    0, 1663,1
1461.78,1252.76,    0, 1068,2
1448.06,1246.90,    0, 1496,2
1410.54,1176.81,    0,  945,2
1430.62,1251.11,    0, 1656,2
1392.94,1192.73,    0, 1468,2
1419.11,1221.75,    0, 3156,2
1461.98,1242.42,    0, 1427,2
1468.55,1244.17,    0, 1902,2
1419.11,1221.75,    0, 2563,2
1454.58,1252.15,    0, 1462,2
1469.18,1229.04,    0, 2427,2
1428.94,1222.55,    0, 2501,1
1419.11,1221.75,    0, 1733,2
1410.34,1181.96,    0, 1948,2
1464.80,1217.13,    0, 1666,2
1444.91,1251.67,    0, 2031,2
1448.33,1215.84,    0, 2967,2
1462.14,1245.43,    0, 1109,2
1435.63,1198.44,    0, 2209,2
1387.25,1212.33,    0,  779,1
1453.78,1214.58,    0, 2928,2
1473.26,1237.21,    0, 2002,2
1428.51,1197.30,    0, 2133,2
1419.11,1221.75,    0, 2098,2
1398.07,1207.70,    0, 1805,2
1419.11,1221.75,    0, 2125,2
1456.94,1232.21,    0, 1532,2
1419.11,1221.75,    0, 1779,2
1396.44,1204.89,    0, 1812,2
1411.56,1211.10,    0, 2247,2
1385.05,1198.91,    0,  669,1
1394.67,1187.30,    0, 1467,1
1444.85,1212.36,    0, 3033,2
1431.66,1253.54,    0, 1751,2
1423.31,1225.63,    0, 1947,1
1460.43,1253.33,    0, 1197,2
1407.10,1254.29,    0, 1380,2
1452.92,1246.66,    0, 2249,2
1419.11,1221.75,    0, 2366,2
1456.70,1195.93,    0, 1396,2
1416.08,1205.34,    0, 2483,2
1459.51,1202.34,    0, 2292,2
1462.22,1224.86,    0, 1487,2
1408.33,1237.09,    0, 1467,1
1430.85,1258.57,    0, 1332,2
1437.20,1207.55,    0, 2228,2
1421.83,1233.27,    0, 2475,1
1418.60,1235.60,    0, 1662,1
1388.21,1227.84,    0, 1996,1
1426.97,1256.54,    0, 1442,2
1452.14,1251.31,    0, 2469,2
1467.97,1239.17,    0, 1300,2
1406.46,1228.56, 1108, 1736,1
1401.41,1185.36,    0, 1173,2
1413.64,1219.80,    0, 2520,2
1445.72,1237.01,    0, 2318,2
1419.11,1221.75,    0, 2670,2
1437.28,1177.85,    0, 2207,2
1419.11,1221.75,    0, 3098,2
1417.03,1223.86,    0, 2478,1
1455.93,1245.68,    0, 1526,2
1427.19,1263.61,    0,  895,2
1442.88,1256.42,    0, 1275,2
1434.50,1261.01,    0, 1977,2
1410.85,1181.09,    0, 1350,2
1476.86,1224.29,    0, 1080,2
1414.40,1226.02,    0, 2729,1
1449.58,1194.92,    0, 1630,2
1413.78,1177.25,    0, 2422,2
1419.11,1221.75,    0, 2164,2
1447.69,1249.66,    0, 1409,2
1435.55,1175.01,    0, 1542,2
1419.11,1221.75,    0, 2530,2
1441.01,1245.84,    0, 1683,2
1419.11,1221.75,    0, 2669,2
1461.76,1215.07,    0, 1856,2
1421.56,1256.46,    0, 1461,2
1443.11,1254.07,    0, 1608,2
1445.94,1260.83,    0, 1578,1
1475.50,1228.09,    0, 1293,2
1411.53,1215.09,    0, 1927,1
1430.15,1169.72,    0, 1612,2
1450.07,1256.68,    0, 1141,2
1464.11,1236.42,    0, 1293,2
1442.09,1260.23,    0, 1170,2
1419.11,1221.75,    0, 1926,2
1419.11,1221.75,    0, 1862,2
1475.08,1204.91,    0,  563,2
1399.74,1192.14,    0, 2072,2
1419.11,1221.75,    0, 2065,2
1463.58,1201.74,    0, 1665,2
1410.78,1196.24,    0, 2163,2
1460.64,1245.25,    0, 1492,2
1419.11,1221.75,    0, 2202,2
1443.97,1258.32,    0, 1170,2
1473.37,1216.06,    0,  864,2
1449.91,1208.58,    0, 2093,2
1407.40,1254.46,    0, 1377,2
1419.11,1221.75,    0, 2232,2
1428.08,1253.58,    0, 1564,2
1407.97,1177.48,    0,  800,2
1449.04,1257.15,    0, 1525,2
1441.08,1249.19,    0, 1566,2
1459.88,1199.04,    0, 1599,2
1453.83,1239.63,    0, 2476,2
1444.66,1258.61,    0, 1707,2
1428.99,1263.16,    0, 1458,2
1398.80,1193.86,    0, 2484,2
1406.75,1185.44,    0, 1921,2
1394.57,1231.55,    0, 1933,1
1431.41,1234.44,    0, 2284,1
1446.88,1248.88,    0, 1861,2
1407.65,1192.30,    0, 1670,2
1419.11,1221.75,    0, 2788,2
1403.59,1205.81,    0, 1633,2
1422.34,1178.89,    0, 2240,2
1419.11,1221.75,    0, 2016,2
1432.99,1167.14,    0,  722,2
1422.61,1217.75,    0, 3023,2
1440.44,1185.78,    0, 1893,2
1419.11,1221.75,    0, 1876,2
1419.11,1221.75,    0, 2669,2
1419.11,1221.75,    0, 1828,2
1443.98,1260.87,    0, 1613,2
1433.79,1185.05,    0, 2011,2
1466.59,1233.86,    0, 1851,2
1416.49,1191.13,    0, 2357,2
1475.73,1206.23,    0, 1293,2
1441.73,1221.02,    0, 2005,2
1457.43,1237.66,    0, 1617,2
1443.31,1252.69,    0, 1439,2
1438.83,1252.74,    0, 1473,2
1447.11,1202.22,    0, 1577,2
1419.11,1221.75,    0, 2823,2
1419.11,1221.75,    0, 2130,2
1419.11,1221.75,    0, 2044,2
1436.14,1229.19,    0, 2299,1
1441.17,1198.23,    0, 2507,2
1455.85,1243.17,    0, 1384,2
1424.53,1193.36,    0, 1975,2
1450.84,1257.99,    0, 1175,2
1422.97,1231.17,    0, 2859,1
1449.21,1248.56,    0, 1838,2
1419.11,1221.75,    0, 2423,2
1387.11,1218.37,    0, 1913,1
1389.56,1193.63,    0, 1642,2
1464.18,1245.96,    0, 1486,2
1390.97,1193.76,    0, 1936,2
1438.42,1208.43,    0, 2475,2
1436.41,1253.82,    0, 1465,2
1443.55,1255.39,    0, 1302,2
1451.38,1254.59,    0, 1161,2
1420.63,1166.92,    0, 1354,2
1461.64,1242.27,    0, 1391,2
1464.43,1236.76,    0, 1519,2
1412.37,1213.00,    0, 2052,2
1460.90,1246.60,    0, 1600,2
1438.22,1262.97,    0,  906,2
1419.11,1221.75,    0, 1763,2
1435.13,1209.87,    0, 2074,2
1419.11,1221.75,    0, 2689,2
1412.25,1256.55,    0, 1436,2
1436.69,1243.95,    0, 2352,2
1456.40,1219.63,    0, 1731,2
1384.64,1201.32,    0,  657,1
1436.41,1260.96,    0, 1802,2
1412.53,1258.98,    0, 1115,2
1460.83,1242.98,    0, 1206,2
1470.56,1244.58,    0,  947,2
1418.19,1226.94,    0, 2156,1
1390.33,1202.29,    0, 1189,2
1468.98,1244.31,    0, 1843,2
1452.05,1248.09,    0, 1346,2
1450.88,1257.55,    0, 1350,2
1428.11,1244.27,    0, 2762,1
1465.15,1244.09,    0, 1909,2
1418.65,1259.91,    0, 1471,2
1407.58,1185.02,    0, 1405,2
1458.94,1226.07,    0, 2390,2
1464.16,1238.90,    0, 1625,2
1385.57,1227.37,    0, 1002,1
1474.80,1228.84,    0, 1249,2
1402.15,1253.79,    0, 1106,2
1419.11,1221.75,    0, 2108,2
1444.71,1214.52,    0, 2590,2
1433.40,1237.39,    0, 2182,1
1457.51,1252.69,    0, 1035,2
1439.03,1256.30,    0, 1340,2
1412.46,1194.13,    0, 1737,2
1417.79,1238.96,    0, 2358,1
1411.28,1256.29,    0, 1353,2
1401.33,1180.69,    0, 1119,2
1418.95,1220.29,    0, 1729,2
1455.26,1252.83,    0, 1264,2
1451.19,1252.36,    0, 1450,2
