1567.38,1331.17,    0, 1367,1
1547.10,1288.64,    0, 1668,2
1531.92,1299.16,    0, 1646,2
1536.08,1306.01,    0, 2312,2
1589.91,1354.58,    0, 2049,1
1570.88,1377.53,    0, 1286,1
1589.87,1355.07,    0, 1315,1
1565.71,1288.20,    0,  975,2
1573.96,1377.67,    0, 1029,1
1596.62,1337.30,    0, 1393,1
1546.84,1358.11,    0, 2450,2
1572.63,1369.37,    0, 1457,1
1582.16,1331.50,    0, 1633,1
1540.31,1360.29,    0, 1452,2
1558.88,1307.79,    0, 2158,1
1582.45,1357.02,    0, 2344,1
1542.41,1286.56,    0,  992,2
1547.39,1294.28,    0, 1092,2
1519.34,1308.91,    0, 1188,2
1588.51,1354.12,    0, 1427,1
1564.61,1346.50,    0, 2118,2
1553.88,1345.57,    0, 2967,2
1534.55,1326.39,    0, 2263,2
1574.58,1322.56,    0, 2074,1
1600.93,1349.31,    0, 1553,1
1564.61,1346.50,    0, 2279,2
1569.80,1337.00,    0, 1907,1
1597.79,1353.22,    0, 1322,1
1602.47,1349.68,    0,  956,1
1532.16,1331.15,    0, 2459,2
1526.52,1313.19,    0, 1993,2
1568.21,1379.47,    0, 1100,1
1572.84,1334.17,    0, 1374,1
1509.91,1318.26,    0, 1036,2
1520.31,1343.97,    0, 1683,2
1573.11,1319.99,    0, 1778,1
1588.53,1353.26,    0, 1605,1
1588.85,1342.92,    0, 1786,1
1583.46,1325.97,    0, 2801,1
1538.41,1303.72,    0, 1821,2
1563.16,1358.56,    0, 1945,2
1599.05,1358.12,    0,  721,1
1561.77,1358.28,    0, 1870,1
1591.87,1351.17,    0, 1928,1
1574.01,1366.96,    0, 1424,1
1522.78,1320.49,    0, 1980,2
1519.72,1331.69,    0, 1660,2
1576.33,1365.40,    0, 1724,1
1569.96,1288.23,    0, 1160,2
1589.91,1359.99,    0, 1353,1
1576.28,1346.11,    0, 2710,1
1547.66,1295.17,    0, 1180,2
1573.93,1380.40,    0,  559,1
1539.17,1330.95,    0, 3165,2
1522.21,1329.25,    0, 1754,2
1579.75,1377.81, 1834, 1519,1
1590.30,1356.75,    0, 1681,1
1592.75,1348.72,    0, 1080,1
1515.13,1320.07,    0, 1632,2
1524.81,1314.35,    0, 2007,2
1540.48,1294.81,    0, 1109,2
1597.90,1348.47,    0, 1142,1
1550.62,1349.66,    0, 2539,2
1535.93,1289.97,    0,  468,2
1538.31,1298.40,    0, 1866,2
1584.46,1358.18,    0, 1374,1
1586.29,1358.11,    0, 1353,1
1547.22,1339.76,    0, 2121,2
1585.13,1359.39,    0, 1383,1
1564.26,1288.73,    0, 1427,2
1589.52,1323.84,    0, 1394,1
1517.56,1326.09,    0, 1629,2
1526.45,1319.86,    0, 2649,2
1583.54,1349.68,    0, 1640,1
1599.23,1344.71,    0, 1445,1
1585.58,1362.31,    0, 1009,1
1592.40,1347.85,    0, 1279,1
1530.36,1311.98,    0, 2244,2
1557.42,1314.68,    0, 2072,1
1547.86,1298.30,    0, 1279,2
1550.71,1375.66,    0, 1102,2
1576.06,1362.94,    0, 1222,1
1565.18,1319.90,    0, 1976,1
1546.40,1376.52,    0, 1313,1
1590.04,1350.81,    0, 1447,1
1545.23,1340.88,    0, 2325,2
1531.17,1342.35,    0, 1957,2
1572.68,1342.01,    0, 2214,1
1514.42,1335.51,    0, 1453,2
1569.86,1349.97,    0, 1917,1
1545.24,1322.16,    0, 2194,2
1519.14,1330.74,    0, 1273,2
1587.67,1360.54,    0, 1032,1
1552.86,1339.51,    0, 2043,2
1551.76,1339.11,    0, 2609,2
1594.96,1356.00,    0, 1401,1
1517.41,1319.09,    0, 1698,2
1596.63,1353.53,    0, 1429,1
1530.76,1333.23,    0, 2199,2
1558.56,1323.02,    0, 2005,1
1563.23,1298.61,    0, 1897,2
1585.94,1357.99,    0, 1431,1
1530.23,1299.97,    0, 1435,2
1540.27,1298.94,    0, 1741,2
1557.57,1340.00,    0, 1678,1
1579.32,1357.28,    0, 1789,1
1540.71,1337.76,    0, 2301,2
1586.64,1361.29,    0, 2093,1
1529.00,1308.55,    0, 1418,2
1574.94,1317.84,    0, 1625,1
1564.61,1346.50,    0, 2562,2
1571.34,1332.87,    0, 2894,1
1580.80,1358.38,    0, 1876,1
1578.90,1346.70,    0, 1337,1
1544.10,1296.15,    0, 1331,2
1530.30,1351.01,    0, 2320,2
1578.29,1370.65,    0,  682,1
1543.66,1292.28,    0, 2014,2
1598.34,1349.71,    0, 1899,1
1542.35,1322.82,    0, 2835,2
1531.82,1328.20,    0, 2098,2
1581.21,1362.13,    0, 1679,1
1546.85,1313.06,    0, 2096,2
1568.83,1286.85,    0, 1014,2
1569.52,1374.91,    0,  995,1
1543.71,1305.90,    0, 1850,2
1527.41,1302.04,    0, 1892,2
1593.05,1338.35,    0, 2155,1
1570.10,1382.40, 2456, 2003,1
1523.52,1357.35,    0, 2241,2
1590.54,1317.81,    0, 1528,1
1539.98,1326.80,    0, 2924,2
1586.03,1347.17,    0, 1359,1
1550.66,1291.16,    0, 1288,2
1540.52,1297.28,    0, 1430,2
1564.61,1346.50,    0, 1787,2
1564.61,1346.50,    0, 3048,2
1544.91,1304.95,    0, 1498,2
1536.85,1342.01,    0, 2121,2
1584.39,1362.47,    0, 1969,1
1537.71,1300.95,    0, 1610,2
1532.57,1304.85,    0, 1347,2
1576.50,1328.76,    0, 1932,1
1593.72,1315.78,    0, 1007,1
1570.01,1336.87,    0, 1462,1
1585.75,1359.26,    0, 1616,1
1529.32,1317.15,    0, 1951,2
1582.35,1340.79,    0, 2188,1
1559.95,1289.85,    0, 1069,2
1553.28,1287.09,    0,  927,2
1570.70,1374.73,    0, 1829,1
1576.99,1371.39,    0, 1598,1
1585.29,1359.61,    0, 1051,1
1569.38,1333.24,    0, 1837,1
1530.65,1352.03,    0, 1450,2
1559.37,1346.69,    0, 1926,1
1575.84,1376.25,    0, 1058,1
1573.35,1328.40, 1118, 2082,1
1570.88,1365.72,    0, 1480,1
1559.69,1332.61,    0, 1926,1
1524.30,1321.14,    0, 2506,2
1592.38,1349.61,    0, 1556,1
1583.59,1362.39,    0, 1451,1
1558.74,1329.36,    0, 1761,1
1576.78,1325.33,    0, 2159,1
1511.93,1333.07,    0, 1877,2
1564.61,1346.50,    0, 2360,2
1586.45,1322.73,    0, 1068,1
1576.91,1357.93,    0, 2503,1
1534.45,1305.18,    0, 1510,2
1596.01,1348.06,    0, 1218,1
1578.27,1364.16,    0, 1657,1
1580.91,1370.60,    0, 2189,1
1598.27,1339.37,    0, 2198,1
1525.33,1338.40,    0, 2070,2
1540.74,1340.46,    0, 2189,2
1584.36,1358.86,    0, 1450,1
1586.00,1322.15,    0, 2269,1
1586.29,1328.63,    0, 1821,1
1542.35,1342.17,    0, 3059,2
1574.09,1375.50,    0, 1012,1
1527.23,1320.40,    0, 2100,2
1579.33,1370.83, 1530, 1337,1
1558.38,1372.79,    0, 1270,2
1530.32,1350.64,    0, 1913,2
1580.76,1291.15,    0, 1146,2
1561.34,1312.00,    0, 1767,1
1582.53,1368.26,    0, 1468,1
1571.53,1348.79,    0, 2163,1
1604.09,1346.29,    0,  640,1
1584.36,1357.96,    0, 1737,1
1554.45,1299.71,    0, 2046,2
1559.25,1342.07,    0, 2237,1
1534.08,1299.46,    0, 2354,2
1594.26,1354.31,    0,  888,1
1592.48,1350.69,    0, 2391,1
1577.24,1289.03,    0,  865,2
1538.00,1317.71,    0, 1448,2
1598.05,1346.67,    0, 1676,1
1586.62,1356.05,    0, 1741,1
