1356.01,1110.09,    0,  217,2
1415.79,1150.09,    0,   20,1
1345.22,1121.21,    0,  650,2
1359.53,1137.18,    0, 1807,2
1382.41,1195.45,    0,  292,1
1335.45,1176.90,    0,  274,2
1406.88,1123.07,    0,    0,2
1384.15,1177.44,    0, 1131,1
1355.25,1115.16,    0,  249,2
1388.67,1143.85,    0, 2006,1
1382.69,1198.27,    0, 1203,1
1348.34,1112.08,    0,    0,2
1386.81,1109.95,    0,    0,2
1389.67,1110.45,    0,    0,2
1345.36,1121.25,    0,  509,2
1378.60,1167.38,    0, 2078,2
1374.32,1203.48,    0,  329,1
1412.24,1156.36,    0,    7,1
1409.96,1147.65,    0,  960,1
1328.68,1148.02,    0,  482,2
1352.00,1118.39,    0,  164,2
1397.33,1116.73,    0,    0,2
1338.03,1128.19,    0,  714,2
1342.34,1175.60,    0, 1055,2
1404.75,1174.26,    0,    0,1
1367.45,1113.05,    0,  198,2
1379.74,1119.52,    0,  821,2
1411.70,1179.46,    0,    0,1
1397.83,1180.35,    0,  629,1
1363.39,1127.79,    0, 1221,2
1338.80,1118.88,    0,    0,2
1351.37,1144.19,    0, 2656,2
1383.95,1195.22,    0,    0,1
1372.81,1194.30,    0,  789,1
1405.20,1172.68,    0,  822,1
1384.69,1175.20,    0, 1355,1
1376.05,1155.59,    0, 2175,1
1365.73,1134.85,    0, 2585,2
1333.77,1134.31,    0,  625,2
1381.16,1196.17,    0,  172,1
1335.63,1146.04,    0,  973,2
1378.60,1167.38,    0, 2599,2
1415.78,1152.10,    0,  146,1
1391.57,1182.70,    0, 1085,1
1347.04,1113.79,    0,  256,2
1350.19,1116.26,    0,   12,2
1374.94,1111.19,    0,  886,2
1354.37,1130.59,    0, 1093,2
1393.45,1191.71,    0,   94,1
1359.41,1112.23,    0,  151,2
1363.34,1134.13,    0, 1723,2
1344.95,1115.04,    0,  557,2
1397.63,1190.32,    0,    0,1
1399.86,1116.12,    0,    0,2
1345.36,1136.86,    0, 2200,2
1341.56,1121.46,    0,    0,2
1356.11,1172.12,    0, 1848,2
1385.41,1199.53, 1059,    0,1
1375.85,1191.81,    0,  433,1
1396.88,1180.61,    0, 1192,1
1347.60,1116.41,    0,  188,2
1391.39,1180.84,    0, 1541,1
1408.85,1175.26,    0,  944,1
1345.31,1121.62,    0,  220,2
1393.27,1179.66,    0, 1386,1
1400.81,1122.40,    0,  287,2
1348.55,1168.75,    0, 1876,2
1366.81,1155.84,    0, 1887,2
1378.64,1110.39,    0,    0,2
1382.33,1149.14,    0, 1969,1
1338.82,1179.41,    0, 1118,2
1325.70,1143.13,    0,    0,2
1380.35,1122.25,    0,  908,2
1412.22,1142.35,    0, 1294,1
1416.06,1169.15,    0,    0,1
1383.49,1171.66,    0, 1579,1
1402.34,1182.09,    0,  457,1
1396.66,1177.37,    0, 1287,1
1331.07,1171.80,    0,  257,2
1387.95,1190.12,    0, 1077,1
1338.83,1124.78,    0,  515,2
1342.01,1130.92,    0,  456,2
1359.66,1113.02,    0,  109,2
1378.60,1167.38,    0, 2251,2
1373.40,1127.15,    0, 1461,2
1406.94,1172.40,    0,  414,1
1403.94,1169.23, 1054, 1013,1
1379.45,1123.71,    0, 1565,2
1383.83,1173.42,    0, 1817,1
1357.74,1126.66,    0, 1367,2
1411.39,1173.04,    0,    0,1
1332.83,1127.45,    0,  210,2
1328.77,1145.67,    0, 1105,2
1373.23,1155.00,    0, 2512,1
1411.27,1170.04,    0,  227,1
1347.68,1132.36,    0,  611,2
1393.32,1176.16,    0, 1578,1
1352.95,1142.80,    0, 1534,2
1418.43,1149.97,    0,    0,1
1365.99,1163.44,    0, 2038,2
1348.46,1116.95,    0, 1125,2
1350.32,1167.34,    0, 1713,2
1378.60,1167.38,    0, 2207,2
1409.66,1174.72,    0,  366,1
1334.44,1132.69,    0,   74,2
1387.03,1161.12,    0, 1478,1
1325.83,1155.29,    0,  390,2
1340.68,1121.47,    0,  828,2
1374.15,1123.83,    0, 1123,2
1353.34,1163.86,    0, 2150,2
1365.83,1112.96,    0,  425,2
1347.77,1115.11,    0,  237,2
1399.45,1157.36,    0, 2387,1
1382.19,1150.76,    0, 2494,1
1352.66,1123.31,    0,  827,2
1342.99,1132.65,    0, 1695,2
1387.14,1115.85,    0,  245,2
1400.17,1147.80,    0, 1285,1
1378.96,1201.89,    0,  616,1
1401.35,1173.77,    0,  633,1
1357.05,1110.35,    0,    0,2
1391.93,1184.29,    0,  615,1
1405.25,1154.16,    0,  384,1
1418.27,1164.99,    0,  829,1
1356.15,1181.12,    0, 1033,2
1364.12,1118.90,    0,  877,2
1361.16,1109.35,    0,  259,2
1392.85,1185.15,    0,  341,1
1345.73,1128.87,    0,  940,2
1328.30,1151.40,    0,  398,2
1350.24,1115.96,    0,  590,2
1336.12,1139.31,    0,  845,2
1347.14,1167.65,    0, 2026,2
1343.45,1133.32,    0, 1043,2
1353.34,1109.36,    0,    0,2
1388.41,1172.95,    0, 1274,1
1332.19,1136.64,    0,  939,2
1360.85,1169.55,    0, 2134,2
1400.21,1175.60,    0, 1437,1
1417.64,1160.06,    0,    0,1
1394.02,1181.65,    0,  703,1
1353.58,1111.05,    0,  345,2
1335.74,1130.73,    0,    0,2
1332.26,1129.20,    0,  116,2
1397.17,1192.06,    0,  153,1
1333.65,1124.39,    0,  359,2
1350.53,1125.34,    0, 1162,2
1349.74,1123.10,    0, 1020,2
1388.27,1195.44,    0,  527,1
1392.00,1187.72,    0, 1149,1
1366.97,1183.38,    0, 1858,2
1349.64,1119.73,    0,  576,2
1364.82,1187.67,    0, 1672,2
1371.68,1109.63,    0,  334,2
1328.25,1137.25,    0,  265,2
1385.63,1151.99,    0, 1966,1
1378.60,1167.38,    0, 1987,2
1399.19,1159.28,    0, 1672,1
1330.58,1130.55,    0,  220,2
1407.92,1124.97,    0,    0,2
1405.27,1170.42,    0,  657,1
1349.76,1118.46,    0,  161,2
1331.85,1150.54,    0,  590,2
1388.60,1192.54,    0,   30,1
1341.72,1118.20,    0,  807,2
1398.74,1177.12,    0, 1323,1
1380.77,1110.57,    0,    0,2
1405.59,1181.72,    0,  286,1
1367.99,1113.01,    0,  349,2
1392.03,1169.65,    0, 1231,1
1403.50,1139.66,    0,  992,1
1331.29,1136.75,    0,    9,2
1360.15,1121.85,    0,  860,2
1352.98,1115.59,    0,  355,2
1384.93,1195.40,    0,  439,1
1368.83,1195.39,    0,  294,2
1345.85,1128.00,    0,  311,2
1366.97,1166.11,    0, 2347,2
1345.19,1136.71,    0, 1426,2
1343.95,1132.20,    0, 1056,2
1401.68,1117.28,    0,    0,2
1371.73,1134.47,    0, 2310,2
1387.58,1171.35,    0, 1609,1
1378.60,1167.38,    0, 1920,2
1341.15,1143.01,    0,  970,2
1385.34,1198.51,    0,    0,1
1364.38,1170.61,    0, 2079,2
1330.18,1135.29,    0,    0,2
1417.28,1160.96,    0,    0,1
1380.56,1113.55,    0,  141,2
1366.91,1139.74,    0, 1996,2
1358.85,1122.58,    0,  731,2
1361.22,1162.71,    0, 2335,2
1396.99,1172.07,    0, 1123,1
1389.82,1199.55,    0,  435,1
1378.60,1167.38,    0, 2257,2
1379.29,1106.94,    0,    0,2
1412.34,1158.20,    0,    0,1
1405.32,1126.08,    0,  299,2
1383.26,1109.78,    0,  129,2
