1729.32,1506.71,    0, 1494,2
1790.83,1505.20,    0, 1054,2
1760.62,1519.30,    0, 2392,2
1734.78,1521.37,    0, 2136,1
1753.51,1540.85,    0, 1717,2
1752.97,1537.45,    0, 1866,2
1718.49,1522.64,    0, 1747,1
1752.23,1530.35,    0, 1913,2
1721.88,1484.66,    0, 1485,1
1737.75,1466.66,    0, 1159,2
1754.43,1562.92,    0,  658,2
1720.71,1505.99,    0, 2217,1
1728.91,1521.77,    0, 1888,1
1742.10,1564.61,    0,  375,2
1773.14,1550.47,    0, 1294,2
1741.48,1465.09,    0,  767,2
1771.45,1530.31,    0, 2150,2
1741.64,1518.34,    0, 2025,1
1734.19,1529.23,    0, 2006,1
1754.02,1504.22,    0, 2375,2
1763.70,1536.75,    0, 1801,2
1752.86,1565.09,    0,  740,2
1729.32,1506.71,    0, 2442,2
1722.60,1481.50,    0, 1405,1
1744.56,1559.90,    0,  887,2
1788.59,1529.06,    0, 1398,2
1745.50,1551.90,    0, 1386,2
1719.66,1492.59,    0, 1371,1
1770.35,1513.21,    0, 2730,2
1755.88,1517.50,    0, 2233,2
1729.32,1506.71,    0, 2125,2
1735.98,1464.07, 2012,  729,1
1730.80,1478.59, 2109, 1625,1
1759.65,1552.56,    0, 1540,2
1775.34,1551.53,    0, 1501,2
1740.63,1520.04,    0, 1859,1
1722.36,1484.14,    0, 1661,1
1738.31,1508.52,    0, 1862,2
1752.04,1550.57,    0, 2382,2
1722.04,1487.94,    0, 1686,1
1729.38,1473.53,    0, 1262,2
1737.08,1493.37,    0, 2286,2
1738.21,1505.45,    0, 2043,2
1719.41,1484.63,    0, 1382,1
1721.07,1479.19,    0, 1996,1
1755.01,1530.98,    0, 1863,2
1766.29,1541.74,    0, 1071,2
1704.28,1490.46,    0,  841,1
1715.02,1481.96,    0, 1743,1
1731.19,1526.20,    0, 2136,1
1718.63,1524.43,    0, 1572,1
1703.96,1523.55,    0, 1504,1
1701.80,1531.34,    0, 1678,1
1757.74,1563.11,    0, 1397,2
1761.23,1543.73,    0, 1748,2
1708.27,1493.60,    0, 1644,1
1718.64,1470.52,    0, 1211,1
1728.93,1486.16,    0, 1241,1
1769.07,1498.87,    0, 2676,2
1721.14,1486.95,    0, 2003,1
1747.49,1494.01,    0, 2499,2
1728.54,1465.75, 1895,  694,1
1732.23,1532.61,    0, 2465,1
1756.40,1529.79,    0, 2719,2
1710.90,1477.35,    0,  985,1
1765.53,1554.67,    0,  598,2
1735.88,1481.90,    0, 1816,2
1792.69,1521.77,    0, 1295,2
1762.29,1550.12,    0, 1998,2
1744.84,1565.62,    0,  135,2
1731.23,1562.05,    0,  687,2
1743.00,1497.14,    0, 2855,2
1714.38,1524.72,    0, 1677,1
1762.47,1519.22,    0, 2098,2
1716.52,1482.45, 1861, 1488,1
1728.29,1474.43,    0,  903,2
1737.89,1466.46, 2236, 1260,1
1760.06,1555.62,    0, 1454,2
1747.51,1510.97,    0, 2059,2
1738.52,1467.42,    0, 1266,2
1698.84,1501.49,    0, 1197,1
1769.24,1507.28,    0, 1527,2
1763.66,1551.82,    0,  896,2
1777.01,1517.63,    0, 2483,2
1718.59,1559.29,    0,  638,2
1775.55,1522.48,    0, 1852,2
1705.95,1497.86,    0, 1243,1
1788.16,1527.91,    0, 1381,2
1780.93,1547.97,    0, 1483,2
1725.67,1484.76,    0, 2041,2
1719.37,1521.70,    0, 1676,1
1726.72,1472.30,    0,  963,1
1727.15,1476.77,    0, 1236,2
1775.71,1543.51,    0, 1962,2
1766.16,1538.51,    0, 1627,2
1736.92,1470.32,    0, 1182,2
1747.95,1513.95,    0, 1588,2
1719.19,1487.47,    0, 1392,1
1784.57,1518.79,    0, 1432,2
1764.73,1546.90,    0, 1463,2
1756.20,1518.84,    0, 2439,2
1729.41,1469.42,    0,  624,1
1756.48,1550.82,    0, 1737,2
1762.70,1531.17,    0, 2534,2
1726.43,1520.75,    0, 1789,1
1768.04,1498.89,    0, 1960,2
1741.42,1521.51,    0, 2192,1
1776.68,1553.90,    0, 1052,2
1726.87,1562.13,    0,  704,2
1716.44,1504.30,    0, 1942,1
1787.15,1525.33,    0, 2180,2
1741.87,1467.77,    0, 1194,2
1730.65,1499.39,    0, 1713,1
1742.30,1520.77,    0, 2092,1
1749.71,1552.33,    0, 1654,2
1732.05,1468.20,    0, 1323,1
1771.63,1548.90,    0, 1365,2
1720.16,1489.10,    0, 1768,1
1701.70,1490.92, 1544, 1102,1
1710.46,1494.02,    0, 1544,1
1729.32,1506.71,    0, 2810,2
1704.03,1511.16,    0, 1245,1
1778.10,1511.18,    0, 1183,2
1754.66,1496.64,    0, 2484,2
1765.45,1540.36,    0, 1269,2
1720.78,1475.43,    0,  863,1
1706.59,1502.19,    0, 2077,1
1779.19,1535.96,    0, 1433,2
1725.85,1512.06,    0, 1920,1
1756.07,1523.92,    0, 1750,2
1714.32,1473.97,    0, 1097,1
1784.66,1526.73,    0, 1836,2
1725.23,1490.62,    0, 1835,2
1712.97,1528.32,    0, 1654,1
1766.58,1540.80,    0, 1547,2
1768.71,1536.39,    0, 1379,2
1732.80,1561.60,    0, 1116,2
1726.23,1476.54,    0, 1213,1
1729.32,1506.71,    0, 2245,2
1779.15,1537.18,    0, 1491,2
1785.13,1531.56,    0, 1295,2
1761.98,1563.14,  233, 1501,1
1776.04,1514.80,    0, 1845,2
1776.53,1530.55,    0, 1455,2
1714.36,1479.08,    0, 1163,1
1728.04,1497.00,    0, 2140,2
1772.23,1487.53,    0, 1284,2
1720.83,1532.00,    0, 2225,1
1714.94,1491.99,    0, 1918,1
1753.37,1559.63,    0, 1710,2
1707.71,1494.04, 1966, 1792,1
1760.01,1561.46,    0,  735,2
1747.78,1474.61,    0, 1731,2
1716.66,1498.92,    0, 1910,1
1792.47,1522.53,    0,  594,2
1753.93,1532.70,    0, 1836,2
1774.02,1525.59,    0, 1570,2
1716.64,1490.25,    0, 1481,1
1721.92,1529.98,    0, 1481,1
1784.43,1527.50,    0, 1440,2
1704.19,1485.36,    0,  975,1
1724.10,1493.30,    0, 1742,2
1741.35,1464.93,    0, 1037,2
1737.41,1486.47,    0, 2178,2
1717.64,1479.11,    0, 1317,1
1744.44,1535.55,    0, 2595,1
1719.46,1513.66,    0, 2192,1
1727.81,1479.93,    0, 2217,2
1713.91,1532.68,    0, 1675,1
1699.71,1510.61,    0, 1746,1
1734.92,1490.66,    0, 1965,2
1735.58,1522.20,    0, 1759,1
1718.06,1488.15,    0, 1919,1
1726.91,1475.70,    0, 1327,1
1742.04,1565.97,    0,  553,2
1741.18,1464.07,    0,  344,1
1774.03,1554.57,    0, 1134,2
1733.70,1466.05,    0,  941,1
1776.99,1543.19,    0, 1659,2
1787.54,1498.01,    0, 2140,2
1706.36,1533.34,    0, 1386,1
1704.93,1500.12,    0, 1858,1
1718.68,1516.71,    0, 2180,1
1746.27,1549.85,    0, 1456,2
1780.48,1531.48,    0, 2199,2
1739.80,1565.25,    0,  274,2
1696.89,1517.37,    0, 1031,1
1716.67,1522.12, 1360, 1830,1
1790.55,1532.54,    0,  471,2
1695.93,1496.23,    0,  682,1
1714.28,1499.33,    0, 1475,1
1788.94,1525.49,    0, 1207,2
1781.11,1538.17,    0,  837,2
1771.90,1551.49,    0,  514,2
1723.68,1486.65,    0, 2167,2
1790.16,1524.21,    0, 1903,2
1761.25,1563.42,    0, 1202,2
1723.37,1488.98,    0, 2169,2
1744.42,1565.55,    0,  185,2
1745.95,1477.67,    0, 1377,2
