1147.72, 942.53,    0, 1571,1
1153.35, 947.00,    0,  626,1
1130.86, 931.20,    0, 1958,2
1147.96, 900.90,    0, 1490,1
1135.08, 913.17,    0, 1779,1
1149.58, 949.24, 2191, 1622,1
1143.79, 899.38,    0, 1656,1
1137.49, 922.99,    0, 2146,1
1133.43, 948.11, 1495, 1093,1
1078.65, 935.92,    0,  985,2
1138.12, 954.46,    0, 1347,1
1141.80, 909.68,    0, 1993,1
1130.86, 931.20,    0, 2338,2
1130.86, 931.20,    0, 2219,2
1130.86, 931.20,    0, 1699,2
1144.38, 912.12,    0, 1495,1
1158.37, 927.28,    0, 1214,1
1149.23, 927.80,    0, 2312,1
1146.53, 937.11,    0, 1668,1
1139.46, 891.15,    0, 1659,1
1141.33, 928.67,    0, 2196,1
1079.91, 903.08,    0, 1062,2
1159.82, 939.67,    0,  703,1
1162.45, 931.97,    0,  829,1
1132.16, 929.66,    0, 2776,1
1092.10, 935.20,    0, 1381,2
1130.86, 931.20,    0, 1940,2
1139.43, 958.72,    0,  202,1
1150.67, 941.93,    0,  944,1
1148.10, 942.33,    0, 1113,1
1148.71, 926.26,    0, 1729,1
1154.64, 940.62,    0,  964,1
1146.58, 895.74,    0, 1811,1
1143.24, 925.46,    0, 1839,1
1154.21, 898.90,    0, 1426,1
1130.86, 931.20,    0, 1919,2
1091.25, 920.73,    0, 2120,2
1136.45, 942.43,    0, 1713,1
1095.46, 938.38,    0, 1940,2
1151.61, 941.12,    0,  874,1
1112.75, 949.83,    0, 1138,2
1129.22, 934.79,    0, 1837,2
1118.36, 931.04,    0, 1753,2
1103.04, 944.56,    0, 1512,2
1138.85, 950.60,    0,  830,1
1100.53, 957.03,    0,  974,1
1130.86, 931.20,    0, 2576,2
1144.57, 926.43,    0, 1817,1
1082.98, 920.15,    0, 1988,2
1118.96, 925.17,    0, 2705,2
1141.72, 942.51,    0, 1222,1
1130.86, 931.20,    0, 1950,2
1129.20, 930.82,    0, 2057,2
1157.19, 924.76,    0, 2075,1
1144.06, 918.71,    0, 1489,1
1130.86, 931.20,    0, 2262,2
1150.96, 910.37,    0, 1083,1
1098.63, 922.55,    0, 1944,2
1130.86, 931.20,    0, 1722,2
1132.03, 943.75, 2076, 1825,1
1123.35, 931.52,    0, 2392,1
1130.86, 931.20,    0, 1946,2
1152.80, 950.05,    0,  474,1
1084.69, 894.33,    0, 1765,2
1141.94, 944.02, 1031,  743,1
1147.91, 937.89,    0,  970,1
1124.82, 945.04,    0, 2360,1
1130.86, 931.20,    0, 2007,2
1151.99, 933.79,    0, 1417,1
1134.14, 910.10,    0, 1981,1
1127.24, 894.25,    0, 1955,1
1158.87, 922.89,    0, 1594,1
1130.86, 931.20,    0, 2393,2
1134.48, 891.68,    0, 1787,1
1135.02, 933.34,    0, 2058,1
1162.59, 909.28,    0,  747,1
1146.35, 905.69,    0, 2010,1
1163.91, 933.68,    0,  769,1
1153.00, 923.52,    0, 1582,1
1140.80, 902.98,    0, 1626,1
1149.54, 946.09,    0,  199,1
1130.86, 931.20,    0, 1702,2
1084.88, 918.05,    0, 1544,2
1130.86, 931.20,    0, 2127,2
1143.19, 945.50,    0, 1877,1
1140.69, 938.14,    0, 1914,1
1130.86, 931.20,    0, 2555,2
1131.51, 940.91,    0, 1139,2
1130.86, 931.20,    0, 2738,2
1131.94, 947.87,    0, 1517,1
1154.98, 942.46,    0, 1047,1
1143.60, 936.28,    0,  979,1
1104.90, 945.26,    0, 1094,2
1150.30, 926.62,    0, 1664,1
1166.05, 922.59,    0, 1314,1
1152.01, 913.86,    0, 1650,1
1130.86, 931.20,    0, 2068,2
1130.86, 931.20,    0, 1858,2
1138.13, 947.31,    0, 1626,1
1155.88, 938.41,    0,  643,1
1155.65, 918.80,    0, 1642,1
1155.04, 939.42,    0, 1541,1
1140.48, 956.20,    0, 1115,1
1154.91, 915.54,    0, 1074,1
1130.86, 931.20,    0, 2126,2
1138.91, 911.87,    0, 2295,1
1144.11, 946.35,    0,  967,1
1147.52, 935.55,    0, 1636,1
1123.50, 944.39,    0, 1289,1
1147.26, 898.57,    0, 1570,1
1143.50, 944.22,    0, 1487,1
1136.44, 927.05,    0, 2562,1
1132.93, 921.64,    0, 2042,1
1132.12, 945.55,    0, 1471,1
1130.86, 931.20,    0, 2319,2
1118.36, 961.77,    0, 1223,1
1156.71, 925.85,    0, 1501,1
1145.98, 924.08,    0, 1768,1
1151.19, 878.33,    0,  439,1
1096.37, 907.41,    0, 2143,2
1136.87, 957.19,    0,  310,1
1091.79, 884.51,    0, 1815,2
1130.86, 931.20,    0, 1946,2
1146.40, 944.57,    0, 1044,1
1139.26, 953.54,    0,  727,1
1146.23, 951.71,    0, 1592,1
1154.61, 908.74,    0, 1812,1
1135.03, 956.73,    0,  711,1
1110.24, 952.81,    0, 1324,1
1150.78, 947.78,    0, 1261,1
1130.86, 931.20,    0, 2151,2
1137.19, 943.23,    0, 1726,1
1130.71, 922.83,    0, 1821,1
1138.44, 955.30,    0, 1714,1
1147.24, 925.22,    0, 1671,1
1136.86, 916.44,    0, 1632,1
1153.34, 942.00,    0,  979,1
1142.69, 894.86,    0, 1813,1
1144.30, 951.33,    0,  438,1
1131.30, 906.26,    0, 2330,1
1134.25, 919.61,    0, 1607,1
1115.30, 884.07,    0, 1781,1
1085.74, 913.24,    0, 1074,2
1106.56, 930.92,    0, 2428,2
1130.86, 931.20,    0, 2495,2
1132.87, 927.24,    0, 2004,1
1080.05, 892.77,    0,  721,2
1151.04, 951.39,    0,  927,1
1139.65, 950.45,    0, 1314,1
1140.47, 947.21,    0, 1888,1
1156.30, 927.89,    0, 1104,1
1126.31, 927.06, 1809, 1861,1
1103.47, 921.17,    0, 2206,2
1138.40, 956.20, 1872, 1185,1
1130.86, 931.20,    0, 2317,2
1112.64, 876.94,    0, 1374,1
1130.86, 931.20,    0, 2423,2
1118.62, 932.19,    0, 2113,2
1155.17, 947.27,    0, 1166,1
1126.22, 935.93,    0, 2230,1
1154.85, 931.68,    0, 1167,1
1128.50, 937.75,    0, 2392,2
1130.86, 931.20,    0, 2393,2
1164.10, 926.23,    0,  889,1
1156.80, 929.87,    0,  920,1
1148.40, 941.35,    0,  332,1
1101.87, 873.80,    0,  914,2
1136.08, 906.58,    0, 1910,1
1127.83, 927.39,    0, 2085,2
1142.56, 895.84,    0, 2244,1
1108.16, 894.14,    0, 2575,1
1130.86, 931.20,    0, 2686,2
1102.29, 923.03,    0, 2028,2
1119.34, 923.62,    0, 2180,2
1147.27, 916.36,    0, 2504,1
1146.36, 935.45,    0, 1013,1
1130.86, 931.20,    0, 1925,2
1130.86, 931.20,    0, 1866,2
1129.36, 884.77,    0, 1173,1
1151.49, 932.26,    0, 1571,1
1098.56, 899.80,    0, 1770,2
1108.33, 890.87,    0, 1873,1
1129.39, 919.66,    0, 1885,1
1130.86, 931.20,    0, 1946,2
1126.63, 889.37,    0, 2049,1
1130.81, 925.22,    0, 1733,1
1102.51, 904.73,    0, 2166,2
1136.22, 956.98,    0, 1108,1
1137.57, 956.51, 1196,  501,1
1130.86, 931.20,    0, 1726,2
1152.25, 908.38,    0, 1706,1
1135.55, 928.50,    0, 1907,1
1131.80, 935.04,    0, 1889,2
1151.83, 927.61,    0,  557,1
1131.60, 916.34, 1646, 2122,1
1136.35, 889.71,    0, 2266,1
1137.24, 892.68,    0, 1432,1
1159.58, 933.23,    0, 1045,1
1126.58, 942.63,    0, 1858,1
1130.86, 931.20,    0, 2730,2
