1521.96,1326.13,    0, 2029,2
1570.60,1324.39,    0, 1617,1
1570.67,1382.13,    0,  669,1
1558.91,1293.26,    0, 1390,2
1562.10,1327.97,    0, 2051,1
1520.98,1332.15,    0, 2111,2
1564.11,1347.73,    0, 1985,2
1524.44,1305.20,    0, 1375,2
1584.86,1356.53,    0, 1800,1
1555.15,1363.21,    0, 1918,2
1547.71,1365.71,    0, 1564,2
1544.56,1309.93,    0, 1702,2
1595.68,1351.22,    0, 1287,1
1518.64,1329.40,    0, 1400,2
1604.97,1345.83,    0, 1572,1
1558.19,1351.06,    0, 1995,2
1579.10,1378.07,    0,  863,1
1531.57,1328.37,    0, 1595,2
1556.21,1327.60,    0, 2084,1
1560.11,1379.82,    0, 1018,1
1570.24,1333.18,    0, 1696,1
1579.80,1330.82,    0, 1614,1
1569.65,1325.87,  553, 1654,1
1549.21,1342.59,    0, 2538,2
1539.04,1338.62,    0, 2592,2
1515.15,1313.15,    0, 1642,2
1553.11,1300.01,    0, 1534,2
1539.54,1307.41,    0, 2202,2
1585.29,1345.78,    0, 1117,1
1589.65,1316.60,    0,  880,1
1540.08,1302.64,    0, 1262,2
1592.11,1355.24,    0, 1865,1
1545.98,1285.75,    0, 1020,2
1564.11,1347.73,    0, 2280,2
1579.88,1371.33,    0, 1873,1
1540.44,1301.42,    0, 1242,2
1567.32,1324.64,    0, 1496,1
1582.68,1295.55,    0, 1250,2
1531.17,1310.87,    0, 1203,2
1565.06,1291.95,    0, 1255,2
1519.66,1302.80,    0,  345,2
1541.33,1296.03,    0, 1296,2
1570.23,1349.48,    0, 1699,1
1520.89,1343.74,    0, 1471,2
1580.39,1350.53,    0, 1596,1
1586.91,1357.34,    0, 1618,1
1523.42,1332.31,    0, 1436,2
1557.06,1363.09,    0, 1480,2
1535.91,1304.29,    0, 1167,2
1547.87,1385.29,    0, 1153,1
1568.77,1380.55,    0, 1470,1
1559.05,1284.88,    0,  930,2
1571.84,1383.38,    0,  862,1
1549.37,1304.16,    0, 2004,2
1598.17,1360.83,    0,  792,1
1530.61,1293.51,    0,  466,2
1572.74,1358.42,    0,  721,1
1548.06,1288.35,    0,  824,2
1599.22,1351.93,    0,  979,1
1574.30,1347.62,    0, 1852,1
1568.88,1323.37,    0, 1957,1
1533.71,1317.12,    0, 1375,2
1541.74,1291.80,    0, 1442,2
1564.25,1323.89,    0, 1840,1
1561.03,1324.35,    0, 2475,1
1550.67,1366.37,    0, 2358,2
1594.43,1356.34,    0,  737,1
1557.61,1286.85,    0, 1030,2
1568.54,1359.08,    0, 1441,1
1590.85,1301.08,    0, 1275,2
1595.60,1353.27, 1547, 1668,1
1519.37,1325.52,    0, 2062,2
1529.18,1323.43,    0, 2343,2
1555.18,1338.75,    0, 2050,2
1536.50,1352.67,    0, 1673,2
1551.19,1346.53,    0, 2142,2
1552.71,1290.73,    0, 1064,2
1583.76,1306.05,    0, 1744,1
1569.14,1321.61,    0, 1622,1
1571.45,1381.91,  805,  369,1
1526.06,1308.34,    0, 1278,2
1602.97,1344.72,    0, 1001,1
1598.13,1338.48,    0, 1771,1
1517.14,1314.17,    0, 1089,2
1562.36,1339.23, 1456, 1755,1
1554.23,1287.88,    0, 1036,2
1524.11,1337.88,    0, 2251,2
1564.11,1347.73,    0, 1693,2
1556.05,1344.77,    0, 2175,2
1576.65,1367.66,    0, 2023,1
1582.55,1315.90,    0, 1413,1
1530.89,1304.17,    0, 1880,2
1536.18,1354.70,    0, 1837,2
1592.18,1359.11,    0, 1590,1
1581.02,1315.96,    0, 2180,1
1595.50,1332.01,    0,  539,1
1582.82,1336.19,    0, 1386,1
1534.08,1328.23,    0, 1832,2
1554.24,1304.00,    0, 1932,2
1587.08,1353.27,    0, 1426,1
1582.35,1371.78,    0, 1387,1
1523.02,1319.84,    0, 1269,2
1546.07,1295.88,    0, 1277,2
1581.94,1366.13,    0, 1029,1
1541.06,1297.17,    0, 1094,2
1580.92,1357.95,    0, 1354,1
1558.53,1379.21,    0, 1761,1
1583.44,1363.84,    0, 1416,1
1519.87,1318.37,    0, 1107,2
1574.90,1296.86,    0, 1501,2
1538.09,1337.52,    0, 2262,2
1579.97,1371.12,    0, 1054,1
1552.58,1289.02,    0, 1176,2
1586.46,1359.37,    0,  747,1
1540.55,1369.02,    0, 1336,2
1563.69,1289.28,    0, 1279,2
1520.80,1330.08,    0, 2580,2
1536.67,1321.35,    0, 2468,2
1548.97,1343.94,    0, 1687,2
1539.23,1290.89,    0, 1439,2
1589.52,1349.98,    0, 1922,1
1505.30,1323.80,    0,  903,2
1580.54,1366.07,    0,  924,1
1599.43,1349.32,    0,  725,1
1594.08,1354.90,    0,  979,1
1578.77,1371.31,    0, 1341,1
1564.96,1331.27,    0, 1634,1
1564.03,1333.96,    0, 1676,1
1550.54,1289.56,    0,  975,2
1577.71,1306.75,    0, 1539,1
1586.04,1368.77,    0,  710,1
1545.93,1321.23,    0, 2022,2
1546.76,1296.94,    0, 1249,2
1528.20,1313.66,    0, 1562,2
1593.73,1354.74,    0, 1029,1
1580.38,1330.92,    0, 1785,1
1557.12,1364.36,    0, 2233,2
1563.60,1306.76,    0, 2015,1
1579.24,1291.57,    0, 1074,2
1522.19,1336.79,    0, 1509,2
1533.91,1332.26,    0, 1690,2
1597.50,1352.62,    0, 1758,1
1584.87,1362.55,    0, 1606,1
1517.51,1348.76,    0, 1448,2
1564.11,1347.73,    0, 2617,2
1539.36,1357.97,    0, 1558,2
1589.61,1335.60,    0, 1232,1
1577.02,1364.63,    0, 1031,1
1595.45,1348.56,    0, 1038,1
1546.75,1343.60,    0, 1545,2
1564.12,1286.93,    0, 1197,2
1526.36,1343.90,    0, 1526,2
1579.57,1314.06,    0, 1135,1
1590.42,1355.71,    0, 2426,1
1576.37,1364.46,    0, 1293,1
1589.54,1361.05,    0, 1171,1
1578.02,1313.27,    0, 2140,1
1588.96,1354.26,    0, 1209,1
1524.54,1353.85,    0, 1198,2
1538.46,1341.37,    0, 3134,2
1544.13,1290.76,    0,  893,2
1564.11,1347.73,    0, 1545,2
1541.94,1292.50,    0,  908,2
1545.38,1376.14,    0, 1171,2
1522.56,1302.32,    0, 1409,2
1566.95,1294.55,    0, 1632,2
1590.30,1354.24,    0, 1480,1
1529.60,1318.26,    0, 1701,2
1588.99,1354.85,    0, 1278,1
1580.65,1291.48,    0, 1287,2
1590.54,1358.00,    0, 1122,1
1564.62,1325.73,    0, 2215,1
1578.34,1369.05,    0,  862,1
1507.10,1326.87,    0,  566,2
1580.86,1316.21,    0, 1396,1
1547.02,1344.65,    0, 1941,2
1580.89,1359.22,    0, 1066,1
1536.36,1311.03,    0, 1734,2
1562.73,1290.28,    0, 1144,2
1523.53,1338.83,    0, 1822,2
1580.58,1358.82,    0, 1459,1
1585.23,1351.43,    0, 1047,1
1581.71,1361.02,    0, 1434,1
1528.03,1347.38,    0, 1482,2
1564.11,1347.73,    0, 2140,2
1557.39,1332.85,    0, 2406,1
1543.29,1291.46,    0, 1030,2
1564.11,1347.73,    0, 2265,2
1575.38,1349.99,    0, 1714,1
1524.86,1320.50,    0, 1607,2
1572.03,1363.16,    0, 1341,1
1525.95,1344.08,    0, 1405,2
1580.75,1371.32,    0,  999,1
1563.33,1285.13,    0,  917,2
1586.42,1334.32,    0, 1295,1
1539.66,1309.32,    0, 1619,2
1594.52,1349.73,    0, 1852,1
1603.35,1344.68,    0, 1138,1
1581.20,1356.02, 1335, 1440,1
1560.05,1333.21,    0, 1389,1
