1655.15,1416.72,    0, 1019,2
1697.67,1471.21,    0, 2365,2
1697.67,1471.21,    0, 1973,2
1697.67,1471.21,    0, 1795,2
1682.61,1413.81,    0, 1546,1
1673.76,1424.78,    0, 2256,1
1649.33,1430.68,    0, 1431,2
1666.41,1452.42,    0, 2660,2
1694.18,1500.27,    0, 1481,1
1683.64,1506.53,    0, 1702,1
1645.92,1432.21,    0, 1238,2
1679.11,1411.37,    0, 1509,1
1700.02,1503.03,    0, 1401,1
1658.78,1422.15,    0, 1571,2
1707.57,1493.64,    0, 2039,1
1633.38,1457.89,    0, 1216,2
1698.81,1464.08,    0, 1914,1
1698.54,1493.61,    0, 1894,1
1647.03,1453.08,    0, 1881,2
1697.67,1471.21,    0, 1905,2
1701.10,1488.63,    0, 1715,1
1697.67,1471.21,    0, 2080,2
1719.86,1463.31,    0, 1487,1
1652.98,1456.74,    0, 2432,2
1653.29,1419.51,    0, 1194,2
1668.12,1410.82,    0, 1252,2
1697.67,1471.21,    0, 1750,2
1678.52,1420.46,    0, 2740,1
1706.45,1470.15,    0, 1895,1
1724.34,1472.06,    0, 1502,1
1671.15,1431.25,    0, 2060,1
1688.76,1493.45,    0, 1315,2
1694.79,1489.72,    0, 1575,1
1667.84,1453.18,    0, 2184,2
1697.08,1474.20,    0, 2637,2
1662.08,1430.72,    0, 1949,2
1711.92,1444.24,    0, 1535,1
1706.76,1440.51,    0, 2074,1
1693.21,1446.99,    0, 2258,1
1664.62,1449.16,    0, 2692,2
1666.93,1412.28,    0, 1328,2
1689.41,1504.27,    0,  617,1
1711.45,1489.64,    0, 1298,1
1649.64,1420.96,    0,  936,2
1703.43,1488.37,    0, 1673,1
1689.34,1506.04,    0,  969,1
1676.45,1501.75,    0, 1651,2
1643.68,1434.25,    0, 1861,2
1718.52,1467.23,    0, 1708,1
1717.71,1490.60,    0, 1341,1
1689.12,1467.24,    0, 2072,2
1703.48,1482.11, 1410, 1475,1
1696.42,1493.80,    0, 1707,2
1656.96,1419.02,    0, 1462,2
1703.59,1471.18,    0, 2173,1
1663.53,1433.23,    0, 2516,2
1668.37,1445.41,    0, 2226,1
1658.17,1417.39,    0, 1298,2
1714.50,1487.69,    0, 1959,1
1651.63,1433.18,    0, 1556,2
1727.89,1458.08,    0,  582,1
1677.17,1410.05,    0, 1456,2
1688.21,1414.31,    0, 1702,1
1697.67,1471.21,    0, 2158,2
1702.74,1496.73, 1674, 1469,1
1644.10,1447.10,    0, 1761,2
1692.57,1448.41,    0, 2413,1
1661.97,1442.17,    0, 2187,2
1697.67,1471.21,    0, 2867,2
1674.48,1428.43,    0, 1985,1
1697.67,1471.21,    0, 2387,2
1702.98,1456.42,    0, 2702,1
1714.09,1454.95,    0, 2234,1
1665.11,1457.78,    0, 2633,2
1684.23,1421.86,    0, 1580,1
1712.57,1452.77,    0, 1725,1
1661.81,1422.39,    0, 1701,2
1697.67,1471.21,    0, 2637,2
1698.78,1504.06,    0, 1302,1
1707.49,1452.57, 1405, 2200,1
1651.89,1443.72,    0, 1842,2
1707.77,1446.88, 1653, 2573,1
1697.67,1471.21,    0, 1874,2
1656.39,1447.48,    0, 2348,2
1694.16,1494.18,    0, 1863,2
1671.54,1457.82,    0, 2128,2
1693.75,1448.78,    0, 1466,1
1677.38,1420.71,    0, 1680,1
1647.19,1461.70,    0, 1955,2
1710.92,1460.29,    0, 1697,1
1700.88,1453.79,    0, 1774,1
1677.57,1413.09,    0, 1674,1
1640.29,1450.61,    0, 1352,2
1654.99,1464.24,    0, 1815,2
1714.01,1474.07,    0, 2250,1
1667.30,1490.15,    0, 1865,2
1649.53,1431.05,    0, 2094,2
1659.11,1427.09,    0, 1746,2
1719.12,1473.71,    0, 1314,1
1676.56,1439.07,    0, 2280,1
1703.89,1480.40,    0, 1639,1
1637.77,1447.21,    0, 1231,2
1673.45,1412.32,    0, 1563,2
1697.67,1471.21,    0, 1974,2
1667.04,1419.82,    0, 1784,2
1693.23,1427.09,    0, 2291,1
1730.34,1465.24,    0, 1048,1
1687.78,1409.46,    0, 1491,1
1712.19,1491.44,    0, 1200,1
1667.62,1416.76,    0, 1662,2
1681.32,1506.36,    0, 1215,1
1697.67,1471.21,    0, 2487,2
1660.67,1456.39,    0, 2126,2
1710.59,1457.68,    0, 1288,1
1671.98,1468.48,    0, 2167,2
1702.65,1442.33,    0, 2281,1
1650.46,1420.17,    0, 1107,2
1697.67,1471.21,    0, 2421,2
1704.16,1488.06,    0, 1044,1
1671.21,1426.22,    0, 1861,1
1682.15,1433.65,    0, 2450,1
1652.98,1464.77,    0, 1879,2
1697.67,1471.21,    0, 2185,2
1728.02,1448.58,    0, 1573,1
1716.67,1485.74,    0, 1160,1
1697.67,1471.21,    0, 1269,2
1695.08,1478.29,    0, 2050,1
1701.18,1476.45,    0, 1950,1
1683.61,1423.94,    0, 1916,1
1667.15,1443.04,    0, 2269,1
1692.58,1448.48,    0, 1564,1
1662.98,1470.41,    0, 2233,2
1657.50,1453.64,    0, 2643,2
1687.95,1499.82,    0, 1646,1
1684.74,1480.96,    0, 2121,2
1691.17,1496.32,    0, 1470,1
1721.98,1441.37,    0,  811,1
1674.82,1445.35,    0, 2092,1
1721.41,1469.61,    0, 1266,1
1664.87,1451.21,    0, 2187,2
1654.93,1456.90,    0, 2146,2
1693.73,1481.30,    0, 1961,2
1716.92,1476.54,    0,  793,1
1679.31,1503.17,    0, 1571,1
1671.89,1420.84,    0, 1755,1
1645.36,1473.01,    0, 1705,2
1706.71,1484.41,    0, 1843,1
1697.67,1471.21,    0, 1663,2
1702.83,1495.17,    0, 1481,1
1664.62,1423.69,    0, 1848,2
1643.52,1441.32,    0, 1356,2
1707.61,1464.29,    0, 1772,1
1719.80,1428.80,   35,  952,1
1692.21,1467.01,    0, 1640,2
1662.23,1475.68,    0, 2055,2
1687.35,1477.62,    0, 2395,2
1697.67,1471.21,    0, 2391,2
1680.34,1497.87,    0, 1509,2
1695.72,1451.54, 1614, 2452,1
1705.71,1489.90,    0, 1727,1
1653.60,1450.76,    0, 1750,2
1671.78,1464.12,    0, 1931,2
1659.54,1420.96,    0, 1555,2
1671.76,1424.78,    0, 1851,1
1638.50,1457.01,    0, 1345,2
1648.54,1439.99,    0, 1603,2
1690.98,1465.03, 2152, 2186,1
1672.59,1453.76,  149, 2408,1
1658.88,1480.89,    0, 2213,2
1697.10,1494.26,    0, 2147,2
1708.10,1489.87,    0, 2186,1
1697.67,1471.21,    0, 2206,2
1706.72,1461.65,    0, 2266,1
1649.77,1468.25,    0, 1780,2
1720.59,1433.41,    0, 1095,1
1676.75,1407.81,    0, 1079,2
1719.20,1478.90,    0, 2649,1
1680.60,1432.31,    0, 2029,1
1639.32,1444.59,    0, 1513,2
1696.51,1435.62,    0, 1453,1
1721.56,1445.36,    0, 1452,1
1700.57,1476.83,    0, 2205,1
1683.77,1421.15,    0, 1665,1
1680.46,1418.22,    0, 1816,1
1661.58,1418.13,    0, 1507,2
1711.27,1474.78,    0, 2385,1
1666.03,1429.09,    0, 1964,1
1678.92,1424.97,    0, 1993,1
1714.85,1475.43,    0, 1376,1
1672.33,1427.91,    0, 1862,1
1702.97,1422.00,    0, 1770,1
1644.98,1426.40,    0,  915,2
1697.67,1471.21,    0, 1858,2
1659.24,1433.51,    0, 2032,2
1669.18,1459.53,    0, 1687,2
1651.03,1476.71,    0, 1927,2
1651.72,1437.90,    0, 1624,2
1699.06,1487.01,    0, 2202,2
1697.67,1471.21,    0, 2020,2
1696.46,1500.36, 1304,  969,1
